29.1132,130.9411,-79.25375,0,-0.4604905,0,0.8876647,-0.1642818,0,0,0.9864135
29.16682,130.9411,-79.17764,0,-0.4609941,0,0.8874032,-0.1642981,0,0,0.9864107
29.9371,130.9411,-78.08154,0,-0.4685082,0,0.8834592,-0.1644023,0,0,0.9863934
30.04176,130.9411,-77.9271,0,-0.4687143,0,0.8833498,-0.1644023,0,0,0.9863935
30.15062,130.9411,-77.76631,0,-0.4690323,0,0.8831811,-0.1644023,0,0,0.9863934
30.26582,130.9411,-77.59588,0,-0.4695025,0,0.8829312,-0.1644023,0,0,0.9863934
30.36954,130.9411,-77.44209,0,-0.469955,0,0.8826904,-0.1644023,0,0,0.9863934
30.47644,130.9411,-77.28323,0,-0.4704035,0,0.8824515,-0.1644023,0,0,0.9863934
30.58567,130.9411,-77.12054,0,-0.4708985,0,0.8821874,-0.1644023,0,0,0.9863934
30.63953,130.9411,-77.04013,0,-0.4711277,0,0.882065,-0.1644023,0,0,0.9863934
30.69223,130.9411,-76.96137,0,-0.4713471,0,0.8819478,-0.1644023,0,0,0.9863934
30.74393,130.9411,-76.88401,0,-0.4715846,0,0.8818209,-0.1644023,0,0,0.9863934
30.79743,130.9411,-76.80388,0,-0.4717977,0,0.8817068,-0.1644023,0,0,0.9863934
30.85018,130.9411,-76.72476,0,-0.4720052,0,0.8815958,-0.1644023,0,0,0.9863934
30.90178,130.9411,-76.64732,0,-0.4722061,0,0.8814881,-0.1644023,0,0,0.9863934
30.95334,130.9411,-76.56984,0,-0.472406,0,0.8813811,-0.1644023,0,0,0.9863934
31.0049,130.9411,-76.4923,0,-0.4726305,0,0.8812608,-0.1644023,0,0,0.9863934
31.05639,130.9411,-76.41477,0,-0.4728506,0,0.8811427,-0.1644023,0,0,0.9863934
31.10783,130.9411,-76.33722,0,-0.4730669,0,0.8810265,-0.1644023,0,0,0.9863934
31.15925,130.9411,-76.25963,0,-0.4732801,0,0.880912,-0.1644023,0,0,0.9863934
31.21066,130.9411,-76.18198,0,-0.4734649,0,0.8808128,-0.1644023,0,0,0.9863934
31.262,130.9411,-76.10435,0,-0.4736505,0,0.8807129,-0.1644023,0,0,0.9863934
31.31334,130.9411,-76.02666,0,-0.4738627,0,0.8805988,-0.1644314,0,0,0.9863886
31.36542,130.9411,-75.94778,0,-0.4741014,0,0.8804703,-0.1644569,0,0,0.9863843
31.41761,130.9411,-75.86862,0,-0.4743344,0,0.8803447,-0.1645086,0,0,0.9863757
31.46988,130.9411,-75.78925,0,-0.4745885,0,0.8802078,-0.1645532,0,0,0.9863682
31.52196,130.9411,-75.71008,0,-0.4748595,0,0.8800616,-0.1645916,0,0,0.9863618
31.57304,130.9411,-75.6323,0,-0.4751407,0,0.8799099,-0.1646242,0,0,0.9863564
31.62619,130.9411,-75.55128,0,-0.4754476,0,0.8797441,-0.1646837,0,0,0.9863465
31.6781,130.9411,-75.47201,0,-0.4757582,0,0.8795762,-0.1647337,0,0,0.9863381
31.73011,130.9411,-75.39248,0,-0.4761056,0,0.8793881,-0.164777,0,0,0.9863309
31.78098,130.9411,-75.31455,0,-0.4764507,0,0.8792012,-0.1648136,0,0,0.9863247
31.83179,130.9411,-75.23659,0,-0.4768009,0,0.8790113,-0.1648452,0,0,0.9863195
31.88255,130.9411,-75.15857,0,-0.4771554,0,0.8788189,-0.1648725,0,0,0.9863149
31.93489,130.9411,-75.07798,0,-0.4775254,0,0.8786179,-0.164897,0,0,0.9863108
31.98675,130.9411,-74.99798,0,-0.4778681,0,0.8784317,-0.1649178,0,0,0.9863073
32.03811,130.9411,-74.9186,0,-0.4781873,0,0.8782579,-0.1649357,0,0,0.9863043
32.0895,130.9411,-74.83907,0,-0.4785157,0,0.878079,-0.1649806,0,0,0.9862968
32.13995,130.9411,-74.76085,0,-0.4788201,0,0.8779131,-0.1650187,0,0,0.9862905
32.19034,130.9411,-74.68261,0,-0.4791095,0,0.8777552,-0.1650517,0,0,0.9862849
32.24075,130.9411,-74.60423,0,-0.4794116,0,0.8775902,-0.1651093,0,0,0.9862753
32.29221,130.9411,-74.52409,0,-0.4797576,0,0.8774011,-0.1651603,0,0,0.9862668
32.34322,130.9411,-74.4445,0,-0.4801058,0,0.8772106,-0.1652039,0,0,0.9862595
32.39432,130.9411,-74.36465,0,-0.4804337,0,0.8770311,-0.1652416,0,0,0.9862531
32.44567,130.9411,-74.28428,0,-0.4807448,0,0.8768606,-0.1652743,0,0,0.9862477
32.49647,130.9411,-74.20464,0,-0.4810626,0,0.8766863,-0.1653022,0,0,0.9862429
32.54751,130.9411,-74.12449,0,-0.481391,0,0.876506,-0.1653265,0,0,0.9862389
32.59837,130.9411,-74.04449,0,-0.4817259,0,0.8763219,-0.1653474,0,0,0.9862354
32.64827,130.9411,-73.96587,0,-0.4820356,0,0.8761516,-0.165365,0,0,0.9862325
32.69806,130.9411,-73.88731,0,-0.4823546,0,0.875976,-0.1654093,0,0,0.986225
32.74782,130.9411,-73.80865,0,-0.4826313,0,0.8758237,-0.1654477,0,0,0.9862186
32.79841,130.9411,-73.72858,0,-0.4829011,0,0.8756749,-0.1654814,0,0,0.986213
32.8491,130.9411,-73.64824,0,-0.483187,0,0.8755172,-0.1655106,0,0,0.986208
32.89871,130.9411,-73.5695,0,-0.4834544,0,0.8753696,-0.1655353,0,0,0.9862038
32.94828,130.9411,-73.49072,0,-0.483737,0,0.8752134,-0.1655566,0,0,0.9862003
32.99778,130.9411,-73.41193,0,-0.4840073,0,0.875064,-0.1655751,0,0,0.9861972
33.04816,130.9411,-73.33164,0,-0.4842459,0,0.8749319,-0.1655913,0,0,0.9861945
33.09757,130.9411,-73.25279,0,-0.4844737,0,0.8748058,-0.1656051,0,0,0.9861922
33.14695,130.9411,-73.1739,0,-0.4846967,0,0.8746824,-0.165617,0,0,0.9861901
33.1963,130.9411,-73.09498,0,-0.4849153,0,0.8745611,-0.1655983,0,0,0.9861934
33.24659,130.9411,-73.01446,0,-0.4851604,0,0.8744252,-0.1655521,0,0,0.986201
33.29584,130.9411,-72.93549,0,-0.4853934,0,0.8742959,-0.1655131,0,0,0.9862076
33.34504,130.9411,-72.85651,0,-0.4856461,0,0.8741555,-0.1654214,0,0,0.986223
33.39422,130.9411,-72.77748,0,-0.485916,0,0.8740055,-0.1653129,0,0,0.9862412
33.4441,130.9411,-72.6972,0,-0.4862052,0,0.8738447,-0.1651881,0,0,0.9862621
33.49317,130.9411,-72.61811,0,-0.4864767,0,0.8736935,-0.165024,0,0,0.9862896
33.54419,130.9411,-72.53577,0,-0.4867481,0,0.8735424,-0.1648763,0,0,0.9863143
33.59315,130.9411,-72.45663,0,-0.4870234,0,0.8733889,-0.1647253,0,0,0.9863395
33.64208,130.9411,-72.37745,0,-0.4872874,0,0.8732417,-0.1645656,0,0,0.9863662
33.69094,130.9411,-72.29825,0,-0.4875415,0,0.8730999,-0.1644274,0,0,0.9863892
33.73977,130.9411,-72.21901,0,-0.4877871,0,0.8729627,-0.1642789,0,0,0.986414
33.78855,130.9411,-72.13976,0,-0.4880252,0,0.8728295,-0.1641213,0,0,0.9864402
33.83728,130.9411,-72.06047,0,-0.4882571,0,0.8726999,-0.1639851,0,0,0.9864628
33.88683,130.9411,-71.97976,0,-0.4884873,0,0.8725711,-0.1638356,0,0,0.9864877
33.93652,130.9411,-71.89874,0,-0.4887129,0,0.8724447,-0.1637061,0,0,0.9865091
33.98513,130.9411,-71.81938,0,-0.4889544,0,0.8723093,-0.1635678,0,0,0.9865322
34.03369,130.9411,-71.74,0,-0.4891891,0,0.8721778,-0.16339,0,0,0.9865615
34.08221,130.9411,-71.66058,0,-0.4894432,0,0.8720352,-0.1632072,0,0,0.9865918
34.13145,130.9411,-71.57988,0,-0.4897184,0,0.8718807,-0.1629876,0,0,0.9866282
34.17988,130.9411,-71.50041,0,-0.4899779,0,0.8717349,-0.162743,0,0,0.9866685
34.22826,130.9411,-71.42091,0,-0.4902535,0,0.8715799,-0.1625023,0,0,0.9867082
34.2766,130.9411,-71.34137,0,-0.4905177,0,0.8714313,-0.1622361,0,0,0.986752
34.32585,130.9411,-71.26021,0,-0.4907771,0,0.8712852,-0.1619419,0,0,0.9868004
34.37408,130.9411,-71.18061,0,-0.4910474,0,0.8711329,-0.161606,0,0,0.9868554
34.42226,130.9411,-71.10099,0,-0.491307,0,0.8709865,-0.1612575,0,0,0.9869124
34.47041,130.9411,-71.02133,0,-0.4915572,0,0.8708453,-0.1608977,0,0,0.9869711
34.5185,130.9411,-70.94166,0,-0.4917994,0,0.8707085,-0.1605576,0,0,0.9870265
34.56655,130.9411,-70.86195,0,-0.4920093,0,0.87059,-0.1602052,0,0,0.9870838
34.61456,130.9411,-70.78223,0,-0.4922418,0,0.8704585,-0.1598423,0,0,0.9871426
34.66338,130.9411,-70.70103,0,-0.4924727,0,0.8703279,-0.1594339,0,0,0.9872086
34.71312,130.9411,-70.61823,0,-0.4927023,0,0.870198,-0.1589844,0,0,0.9872811
34.7619,130.9411,-70.53693,0,-0.4928966,0,0.870088,-0.1585162,0,0,0.9873564
34.8107,130.9411,-70.45552,0,-0.4930904,0,0.8699781,-0.1580525,0,0,0.9874307
34.85946,130.9411,-70.37408,0,-0.4932836,0,0.8698686,-0.1575934,0,0,0.9875041
34.90825,130.9411,-70.29253,0,-0.4934508,0,0.8697737,-0.1571673,0,0,0.987572
34.95689,130.9411,-70.21114,0,-0.4936206,0,0.8696774,-0.1567415,0,0,0.9876397
35.00554,130.9411,-70.12966,0,-0.4937932,0,0.8695794,-0.1562849,0,0,0.9877121
35.05413,130.9411,-70.04821,0,-0.4939423,0,0.8694947,-0.1558618,0,0,0.987779
35.10179,130.9411,-69.96826,0,-0.494094,0,0.8694085,-0.1554744,0,0,0.98784
35.14942,130.9411,-69.88831,0,-0.4942255,0,0.8693338,-0.1551103,0,0,0.9878972
35.19702,130.9411,-69.80834,0,-0.4943647,0,0.8692546,-0.1547662,0,0,0.9879512
35.24459,130.9411,-69.72836,0,-0.4944853,0,0.869186,-0.1544393,0,0,0.9880023
35.29214,130.9411,-69.64835,0,-0.4946151,0,0.8691121,-0.1540985,0,0,0.9880555
35.33968,130.9411,-69.56834,0,-0.4947529,0,0.8690337,-0.1537745,0,0,0.988106
35.388,130.9411,-69.48694,0,-0.4948743,0,0.8689646,-0.1534303,0,0,0.9881595
35.43548,130.9411,-69.4069,0,-0.4950028,0,0.8688914,-0.1531091,0,0,0.9882093
35.48294,130.9411,-69.32684,0,-0.4951141,0,0.8688279,-0.1528022,0,0,0.9882568
35.53038,130.9411,-69.24677,0,-0.4952359,0,0.8687586,-0.1524786,0,0,0.9883068
35.57779,130.9411,-69.16669,0,-0.4953667,0,0.868684,-0.1521404,0,0,0.9883589
35.62519,130.9411,-69.08659,0,-0.4955054,0,0.868605,-0.1517607,0,0,0.9884173
35.6726,130.9411,-69.0064,0,-0.4956509,0,0.8685219,-0.1513737,0,0,0.9884766
35.72075,130.9411,-68.9249,0,-0.4958047,0,0.8684341,-0.1509745,0,0,0.9885377
35.76897,130.9411,-68.84321,0,-0.4959636,0,0.8683433,-0.1505995,0,0,0.9885949
35.8172,130.9411,-68.76144,0,-0.4961011,0,0.8682648,-0.1502164,0,0,0.9886531
35.86541,130.9411,-68.67966,0,-0.4962456,0,0.8681822,-0.1498564,0,0,0.9887078
35.9135,130.9411,-68.59799,0,-0.496396,0,0.8680962,-0.1495168,0,0,0.9887592
35.96161,130.9411,-68.51624,0,-0.4965518,0,0.8680072,-0.1491939,0,0,0.988808
36.0097,130.9411,-68.43446,0,-0.4966863,0,0.8679301,-0.1488855,0,0,0.9888545
36.05786,130.9411,-68.35249,0,-0.4968287,0,0.8678487,-0.148619,0,0,0.9888946
36.10493,130.9411,-68.27232,0,-0.4969489,0,0.8677799,-0.1483651,0,0,0.9889327
36.15203,130.9411,-68.19205,0,-0.4970784,0,0.8677056,-0.1481452,0,0,0.9889656
36.19911,130.9411,-68.11177,0,-0.4972159,0,0.8676268,-0.1479258,0,0,0.9889985
36.24615,130.9411,-68.03148,0,-0.4973603,0,0.8675441,-0.1477069,0,0,0.9890312
36.29318,130.9411,-67.95116,0,-0.4975107,0,0.8674579,-0.1474884,0,0,0.9890638
36.34018,130.9411,-67.87083,0,-0.4976662,0,0.8673686,-0.1472703,0,0,0.9890963
36.38815,130.9411,-67.78876,0,-0.4978297,0,0.8672749,-0.1470181,0,0,0.9891338
36.43591,130.9411,-67.70699,0,-0.497996,0,0.8671793,-0.1467719,0,0,0.9891704
36.48282,130.9411,-67.6266,0,-0.4981373,0,0.8670983,-0.1465341,0,0,0.9892056
36.5297,130.9411,-67.54621,0,-0.4982849,0,0.8670135,-0.1462992,0,0,0.9892404
36.57671,130.9411,-67.46552,0,-0.4984132,0,0.8669397,-0.1460952,0,0,0.9892706
36.62352,130.9411,-67.38512,0,-0.4985492,0,0.8668615,-0.1458904,0,0,0.9893008
36.67033,130.9411,-67.30467,0,-0.498667,0,0.8667936,-0.145713,0,0,0.9893269
36.71964,130.9411,-67.21986,0,-0.4987748,0,0.8667317,-0.1455512,0,0,0.9893507
36.76738,130.9411,-67.1377,0,-0.4988644,0,0.8666801,-0.1454168,0,0,0.9893705
36.81511,130.9411,-67.05553,0,-0.4989418,0,0.8666354,-0.1452711,0,0,0.9893919
36.86269,130.9411,-66.9736,0,-0.4990342,0,0.8665823,-0.1451163,0,0,0.9894146
36.90937,130.9411,-66.89315,0,-0.4991125,0,0.8665372,-0.1449851,0,0,0.9894339
36.95787,130.9411,-66.80956,0,-0.4991831,0,0.8664966,-0.1448671,0,0,0.9894511
37.00455,130.9411,-66.72905,0,-0.4992668,0,0.8664483,-0.1447403,0,0,0.9894697
37.05122,130.9411,-66.64853,0,-0.4993394,0,0.8664066,-0.1446306,0,0,0.9894857
37.09787,130.9411,-66.568,0,-0.4994023,0,0.8663703,-0.1445356,0,0,0.9894996
37.14552,130.9411,-66.48575,0,-0.4994579,0,0.8663381,-0.1444517,0,0,0.9895119
37.19217,130.9411,-66.40517,0,-0.4995302,0,0.8662964,-0.1443517,0,0,0.9895265
37.24051,130.9411,-66.32165,0,-0.4995952,0,0.866259,-0.144262,0,0,0.9895395
37.28805,130.9411,-66.23949,0,-0.4996502,0,0.8662273,-0.1441565,0,0,0.9895549
37.33558,130.9411,-66.15733,0,-0.4996978,0,0.8661999,-0.1440358,0,0,0.9895725
37.38307,130.9411,-66.0752,0,-0.4997388,0,0.8661761,-0.1439022,0,0,0.989592
37.43053,130.9411,-65.9931,0,-0.4997743,0,0.8661556,-0.1437869,0,0,0.9896087
37.4771,130.9411,-65.91254,0,-0.4998044,0,0.8661383,-0.1436602,0,0,0.9896271
37.52368,130.9411,-65.83195,0,-0.4998305,0,0.8661233,-0.1435505,0,0,0.989643
37.57029,130.9411,-65.7513,0,-0.4998783,0,0.8660957,-0.1434265,0,0,0.989661
37.61773,130.9411,-65.66917,0,-0.4999205,0,0.8660713,-0.1433172,0,0,0.9896768
37.66522,130.9411,-65.58695,0,-0.499957,0,0.8660502,-0.1431932,0,0,0.9896948
37.71265,130.9411,-65.50483,0,-0.4999885,0,0.866032,-0.1430863,0,0,0.9897103
37.76007,130.9411,-65.42268,0,-0.5000157,0,0.8660163,-0.142994,0,0,0.9897236
37.8075,130.9411,-65.34055,0,-0.5000393,0,0.8660028,-0.1428848,0,0,0.9897394
37.85489,130.9411,-65.25845,0,-0.5000596,0,0.8659911,-0.142761,0,0,0.9897572
37.90138,130.9411,-65.17789,0,-0.5000768,0,0.865981,-0.1425982,0,0,0.9897807
37.9479,130.9411,-65.09728,0,-0.5000917,0,0.8659724,-0.1424281,0,0,0.9898052
37.99466,130.9411,-65.01625,0,-0.5001048,0,0.8659649,-0.1422217,0,0,0.9898348
38.04116,130.9411,-64.93566,0,-0.5000908,0,0.865973,-0.1420152,0,0,0.9898645
38.08768,130.9411,-64.85506,0,-0.5000535,0,0.8659946,-0.1418073,0,0,0.9898943
38.1342,130.9411,-64.77445,0,-0.5000212,0,0.8660132,-0.1415984,0,0,0.9899242
38.18073,130.9411,-64.69385,0,-0.4999931,0,0.8660294,-0.1413885,0,0,0.9899542
38.22726,130.9411,-64.61326,0,-0.4999688,0,0.8660434,-0.1412068,0,0,0.9899802
38.2738,130.9411,-64.53266,0,-0.4999478,0,0.8660556,-0.1410206,0,0,0.9900067
38.32034,130.9411,-64.45207,0,-0.4999295,0,0.8660661,-0.1408593,0,0,0.9900296
38.36865,130.9411,-64.36843,0,-0.499887,0,0.8660907,-0.1407145,0,0,0.9900503
38.41588,130.9411,-64.28667,0,-0.4998511,0,0.8661113,-0.1405632,0,0,0.9900718
38.46331,130.9411,-64.20461,0,-0.49982,0,0.8661293,-0.140432,0,0,0.9900903
38.51083,130.9411,-64.12236,0,-0.4997931,0,0.8661448,-0.1403186,0,0,0.9901064
38.5574,130.9411,-64.04179,0,-0.4997703,0,0.8661581,-0.1401937,0,0,0.9901241
38.60398,130.9411,-63.96122,0,-0.4997505,0,0.8661695,-0.1400855,0,0,0.9901394
38.65056,130.9411,-63.88064,0,-0.4997334,0,0.8661793,-0.1399919,0,0,0.9901527
38.69805,130.9411,-63.7985,0,-0.4997183,0,0.866188,-0.1398797,0,0,0.9901685
38.74559,130.9411,-63.71629,0,-0.4997052,0,0.8661956,-0.1397828,0,0,0.9901822
38.79217,130.9411,-63.63573,0,-0.4996941,0,0.866202,-0.1396718,0,0,0.9901979
38.83876,130.9411,-63.55516,0,-0.4996845,0,0.8662075,-0.1395467,0,0,0.9902155
38.88535,130.9411,-63.4746,0,-0.4996761,0,0.8662122,-0.1394384,0,0,0.9902308
38.93195,130.9411,-63.39404,0,-0.499669,0,0.8662165,-0.1393447,0,0,0.990244
38.97865,130.9411,-63.3133,0,-0.4996627,0,0.8662201,-0.1392634,0,0,0.9902554
39.02524,130.9411,-63.23274,0,-0.4996572,0,0.8662232,-0.1391641,0,0,0.9902694
39.07183,130.9411,-63.15218,0,-0.4996525,0,0.8662259,-0.1390782,0,0,0.9902815
39.11843,130.9411,-63.07162,0,-0.4996485,0,0.8662282,-0.1389748,0,0,0.9902959
39.16588,130.9411,-62.9896,0,-0.4996448,0,0.8662303,-0.1388837,0,0,0.9903087
39.21339,130.9411,-62.90746,0,-0.4996418,0,0.8662322,-0.138805,0,0,0.9903197
39.26096,130.9411,-62.82521,0,-0.4996391,0,0.8662337,-0.1387369,0,0,0.9903293
39.30756,130.9411,-62.74466,0,-0.4996368,0,0.866235,-0.1386504,0,0,0.9903414
39.35416,130.9411,-62.66409,0,-0.4996348,0,0.8662362,-0.1385755,0,0,0.9903519
39.40088,130.9411,-62.58334,0,-0.4996331,0,0.8662371,-0.1385105,0,0,0.990361
39.44748,130.9411,-62.50279,0,-0.4996316,0,0.8662381,-0.1384253,0,0,0.9903729
39.49408,130.9411,-62.42224,0,-0.4996304,0,0.8662388,-0.1383516,0,0,0.9903832
39.5407,130.9411,-62.34164,0,-0.4996292,0,0.8662394,-0.1382587,0,0,0.9903962
39.5873,130.9411,-62.26109,0,-0.4996535,0,0.8662254,-0.1381493,0,0,0.9904114
39.63545,130.9411,-62.17784,0,-0.4996752,0,0.8662129,-0.1380514,0,0,0.9904251
39.68291,130.9411,-62.09578,0,-0.4996936,0,0.8662022,-0.1379388,0,0,0.9904408
39.7295,130.9411,-62.01522,0,-0.4997345,0,0.8661787,-0.1378143,0,0,0.9904581
39.77608,130.9411,-61.93465,0,-0.4997699,0,0.8661582,-0.1377065,0,0,0.9904732
39.82269,130.9411,-61.85402,0,-0.4998006,0,0.8661405,-0.1376132,0,0,0.9904861
39.87014,130.9411,-61.77193,0,-0.4998277,0,0.8661249,-0.1375309,0,0,0.9904975
39.9176,130.9411,-61.68979,0,-0.499851,0,0.8661113,-0.1374599,0,0,0.9905074
39.96511,130.9411,-61.60758,0,-0.4998713,0,0.8660998,-0.1373985,0,0,0.9905159
40.01166,130.9411,-61.527,0,-0.4998885,0,0.8660898,-0.1373467,0,0,0.9905231
40.05822,130.9411,-61.4464,0,-0.4999033,0,0.8660812,-0.1373017,0,0,0.9905293
40.10477,130.9411,-61.36582,0,-0.4999162,0,0.8660738,-0.1372629,0,0,0.9905347
40.15216,130.9411,-61.28376,0,-0.4999276,0,0.8660672,-0.137199,0,0,0.9905435
40.19872,130.9411,-61.20316,0,-0.4999624,0,0.8660471,-0.1371449,0,0,0.990551
40.24526,130.9411,-61.12257,0,-0.4999926,0,0.8660297,-0.1370981,0,0,0.9905575
40.29179,130.9411,-61.04197,0,-0.5000188,0,0.8660146,-0.1370575,0,0,0.9905631
40.3392,130.9411,-60.95985,0,-0.5000419,0,0.8660012,-0.1369922,0,0,0.9905722
40.38572,130.9411,-60.87925,0,-0.5000867,0,0.8659754,-0.1369369,0,0,0.9905798
40.43224,130.9411,-60.79864,0,-0.5001255,0,0.865953,-0.136889,0,0,0.9905865
40.47875,130.9411,-60.71803,0,-0.5001591,0,0.8659335,-0.1368475,0,0,0.9905921
40.52525,130.9411,-60.63742,0,-0.5002134,0,0.8659022,-0.1367825,0,0,0.9906011
40.57175,130.9411,-60.5568,0,-0.5002605,0,0.8658749,-0.1367263,0,0,0.9906089
40.61823,130.9411,-60.47617,0,-0.5003014,0,0.8658513,-0.1366776,0,0,0.9906156
40.66471,130.9411,-60.39554,0,-0.5003619,0,0.8658164,-0.1366355,0,0,0.9906214
40.71118,130.9411,-60.3149,0,-0.5004144,0,0.865786,-0.13657,0,0,0.9906305
40.75763,130.9411,-60.23426,0,-0.5004851,0,0.8657452,-0.1365133,0,0,0.9906383
40.80407,130.9411,-60.15361,0,-0.5005715,0,0.8656952,-0.1364351,0,0,0.990649
40.85051,130.9411,-60.07294,0,-0.5006716,0,0.8656373,-0.1363675,0,0,0.9906584
40.89691,130.9411,-59.99228,0,-0.5007835,0,0.8655726,-0.1362799,0,0,0.9906704
40.9433,130.9411,-59.91159,0,-0.5009056,0,0.8655019,-0.1362041,0,0,0.9906809
40.98966,130.9411,-59.8309,0,-0.5010366,0,0.865426,-0.1361384,0,0,0.9906899
41.036,130.9411,-59.75019,0,-0.5011754,0,0.8653457,-0.1360816,0,0,0.9906976
41.08232,130.9411,-59.66947,0,-0.5012956,0,0.865276,-0.1360034,0,0,0.9907084
41.12861,130.9411,-59.58873,0,-0.5014502,0,0.8651866,-0.1359357,0,0,0.9907176
41.17487,130.9411,-59.50798,0,-0.5016093,0,0.8650944,-0.135848,0,0,0.9907297
41.22178,130.9411,-59.42604,0,-0.5017746,0,0.8649985,-0.1357711,0,0,0.9907402
41.26889,130.9411,-59.34366,0,-0.5019439,0,0.8649001,-0.1357042,0,0,0.9907494
41.31503,130.9411,-59.2629,0,-0.5020874,0,0.864817,-0.1356477,0,0,0.9907572
41.36117,130.9411,-59.18208,0,-0.5022621,0,0.8647154,-0.1355697,0,0,0.9907678
41.4073,130.9411,-59.10121,0,-0.5024135,0,0.8646275,-0.1355022,0,0,0.9907771
41.45422,130.9411,-59.01888,0,-0.5025727,0,0.8645349,-0.1354131,0,0,0.9907892
41.50115,130.9411,-58.93647,0,-0.502736,0,0.86444,-0.1353361,0,0,0.9907998
41.54716,130.9411,-58.85561,0,-0.5028995,0,0.864345,-0.1352419,0,0,0.9908127
41.59315,130.9411,-58.7747,0,-0.5030413,0,0.8642624,-0.1351603,0,0,0.9908238
41.63912,130.9411,-58.69377,0,-0.5031893,0,0.8641763,-0.1350897,0,0,0.9908334
41.68505,130.9411,-58.61284,0,-0.5033426,0,0.8640869,-0.1349996,0,0,0.9908457
41.73096,130.9411,-58.53189,0,-0.5034755,0,0.8640096,-0.1349215,0,0,0.9908563
41.77685,130.9411,-58.45092,0,-0.5036159,0,0.8639277,-0.1348539,0,0,0.9908655
41.82355,130.9411,-58.36844,0,-0.5037397,0,0.8638555,-0.1347944,0,0,0.9908736
41.86937,130.9411,-58.28746,0,-0.5038698,0,0.8637795,-0.1347149,0,0,0.9908844
41.91519,130.9411,-58.20644,0,-0.5039827,0,0.8637138,-0.134646,0,0,0.9908938
41.96098,130.9411,-58.1254,0,-0.5041056,0,0.863642,-0.1345574,0,0,0.9909058
42.00755,130.9411,-58.04295,0,-0.504214,0,0.8635788,-0.1344793,0,0,0.9909164
42.05329,130.9411,-57.96191,0,-0.504306,0,0.863525,-0.1344131,0,0,0.9909254
42.10078,130.9411,-57.87774,0,-0.504415,0,0.8634614,-0.1343535,0,0,0.9909335
42.14648,130.9411,-57.79668,0,-0.5045053,0,0.8634086,-0.1343042,0,0,0.9909402
42.19217,130.9411,-57.71561,0,-0.5045836,0,0.8633628,-0.1342615,0,0,0.9909459
42.23785,130.9411,-57.63451,0,-0.5046515,0,0.8633232,-0.1342245,0,0,0.990951
42.28351,130.9411,-57.55342,0,-0.5047354,0,0.8632742,-0.1341635,0,0,0.9909592
42.33085,130.9411,-57.46931,0,-0.5048109,0,0.86323,-0.1341086,0,0,0.9909667
42.37648,130.9411,-57.3882,0,-0.5048736,0,0.8631934,-0.1340341,0,0,0.9909768
42.4221,130.9411,-57.30709,0,-0.504953,0,0.8631468,-0.1339696,0,0,0.9909855
42.46771,130.9411,-57.22596,0,-0.5050218,0,0.8631066,-0.1339138,0,0,0.990993
42.51423,130.9411,-57.14318,0,-0.5050827,0,0.863071,-0.1338644,0,0,0.9909997
42.5598,130.9411,-57.06205,0,-0.5051593,0,0.8630262,-0.1338227,0,0,0.9910054
42.60719,130.9411,-56.97767,0,-0.5052284,0,0.8629857,-0.1337851,0,0,0.9910104
42.65274,130.9411,-56.89652,0,-0.5052856,0,0.8629522,-0.133725,0,0,0.9910185
42.70024,130.9411,-56.81188,0,-0.5053635,0,0.8629066,-0.1336707,0,0,0.9910258
42.7465,130.9411,-56.72941,0,-0.5054288,0,0.8628684,-0.1336253,0,0,0.9910319
42.79288,130.9411,-56.64669,0,-0.5054855,0,0.8628352,-0.1335563,0,0,0.9910412
42.83839,130.9411,-56.5655,0,-0.5055335,0,0.862807,-0.1334979,0,0,0.9910492
42.88389,130.9411,-56.48432,0,-0.5056002,0,0.8627679,-0.1334473,0,0,0.991056
42.92937,130.9411,-56.40312,0,-0.505658,0,0.8627341,-0.1334035,0,0,0.9910618
42.97565,130.9411,-56.32049,0,-0.5057346,0,0.8626892,-0.1333354,0,0,0.991071
43.02217,130.9411,-56.23739,0,-0.505801,0,0.8626502,-0.1332763,0,0,0.991079
43.06757,130.9411,-56.15625,0,-0.5058822,0,0.8626026,-0.1331974,0,0,0.9910895
43.113,130.9411,-56.07504,0,-0.5059526,0,0.8625613,-0.1331291,0,0,0.9910987
43.15842,130.9411,-55.9938,0,-0.5060136,0,0.8625255,-0.13307,0,0,0.9911066
43.20463,130.9411,-55.91112,0,-0.5060675,0,0.862494,-0.1330179,0,0,0.9911137
43.25096,130.9411,-55.82822,0,-0.5061141,0,0.8624666,-0.1329728,0,0,0.9911197
43.29635,130.9411,-55.74697,0,-0.5061536,0,0.8624434,-0.1329347,0,0,0.9911248
43.34173,130.9411,-55.66571,0,-0.5062128,0,0.8624086,-0.1329017,0,0,0.9911292
43.38717,130.9411,-55.58434,0,-0.5062643,0,0.8623784,-0.1328731,0,0,0.9911331
43.43324,130.9411,-55.5018,0,-0.5063095,0,0.8623518,-0.132848,0,0,0.9911364
43.47858,130.9411,-55.42054,0,-0.5063731,0,0.8623146,-0.1328266,0,0,0.9911393
43.52568,130.9411,-55.33612,0,-0.5064564,0,0.8622656,-0.1327772,0,0,0.9911459
43.57192,130.9411,-55.25318,0,-0.5065269,0,0.8622242,-0.1327355,0,0,0.9911515
43.61813,130.9411,-55.17029,0,-0.5066389,0,0.8621584,-0.1326699,0,0,0.9911603
43.66341,130.9411,-55.08899,0,-0.5067338,0,0.8621026,-0.1326143,0,0,0.9911677
43.70869,130.9411,-55.00766,0,-0.5068411,0,0.8620396,-0.1325663,0,0,0.9911742
43.75395,130.9411,-54.92633,0,-0.5069592,0,0.8619701,-0.1325247,0,0,0.9911797
43.79918,130.9411,-54.84499,0,-0.5070866,0,0.8618952,-0.1324596,0,0,0.9911884
43.84438,130.9411,-54.76365,0,-0.507222,0,0.8618155,-0.1324033,0,0,0.991196
43.8897,130.9411,-54.68202,0,-0.5073649,0,0.8617314,-0.1323543,0,0,0.9912025
43.93552,130.9411,-54.59943,0,-0.5075155,0,0.8616427,-0.132282,0,0,0.9912121
43.98064,130.9411,-54.51804,0,-0.507669,0,0.8615523,-0.1322205,0,0,0.9912204
44.02573,130.9411,-54.43664,0,-0.507827,0,0.8614591,-0.1321672,0,0,0.9912274
44.07081,130.9411,-54.3552,0,-0.507964,0,0.8613784,-0.1320921,0,0,0.9912375
44.11669,130.9411,-54.27224,0,-0.5081103,0,0.8612921,-0.1320258,0,0,0.9912463
44.1626,130.9411,-54.18916,0,-0.5082626,0,0.8612022,-0.1319685,0,0,0.9912539
44.20758,130.9411,-54.10768,0,-0.5084165,0,0.8611113,-0.1319201,0,0,0.9912604
44.25253,130.9411,-54.02619,0,-0.50855,0,0.8610325,-0.1318781,0,0,0.991266
44.29747,130.9411,-53.94467,0,-0.5086657,0,0.8609642,-0.1318418,0,0,0.9912708
44.34237,130.9411,-53.86316,0,-0.5087659,0,0.860905,-0.1318104,0,0,0.991275
44.38726,130.9411,-53.78164,0,-0.5088778,0,0.8608389,-0.1317831,0,0,0.9912786
44.43222,130.9411,-53.69993,0,-0.509,0,0.8607666,-0.1317304,0,0,0.9912856
44.4778,130.9411,-53.61704,0,-0.5091074,0,0.860703,-0.1316841,0,0,0.9912918
44.52261,130.9411,-53.53549,0,-0.5092238,0,0.8606342,-0.1316448,0,0,0.9912969
44.56742,130.9411,-53.4539,0,-0.5093247,0,0.8605745,-0.1316108,0,0,0.9913015
44.6122,130.9411,-53.37232,0,-0.5094121,0,0.8605227,-0.1315813,0,0,0.9913054
44.65697,130.9411,-53.29073,0,-0.5094878,0,0.8604779,-0.1315558,0,0,0.9913088
44.70333,130.9411,-53.20618,0,-0.5095817,0,0.8604222,-0.131533,0,0,0.9913118
44.74895,130.9411,-53.12295,0,-0.5096614,0,0.860375,-0.1314839,0,0,0.9913183
44.79367,130.9411,-53.04134,0,-0.509754,0,0.8603203,-0.1314425,0,0,0.9913238
44.83837,130.9411,-52.9597,0,-0.5098342,0,0.8602727,-0.1314066,0,0,0.9913286
44.88306,130.9411,-52.87806,0,-0.5099037,0,0.8602316,-0.1313755,0,0,0.9913327
44.92773,130.9411,-52.79642,0,-0.5099639,0,0.8601958,-0.1313486,0,0,0.9913363
44.97417,130.9411,-52.7115,0,-0.5100442,0,0.8601482,-0.1313244,0,0,0.9913395
45.01882,130.9411,-52.62984,0,-0.5101107,0,0.8601087,-0.1312753,0,0,0.991346
45.06345,130.9411,-52.54818,0,-0.5101933,0,0.8600597,-0.1312328,0,0,0.9913516
45.10823,130.9411,-52.46621,0,-0.5102904,0,0.8600022,-0.1311959,0,0,0.9913565
45.15347,130.9411,-52.38335,0,-0.5103753,0,0.8599518,-0.1311341,0,0,0.9913647
45.19805,130.9411,-52.30166,0,-0.5104727,0,0.859894,-0.1310815,0,0,0.9913716
45.24435,130.9411,-52.21677,0,-0.5105863,0,0.8598264,-0.131004,0,0,0.9913819
45.28978,130.9411,-52.13343,0,-0.510708,0,0.8597543,-0.1309386,0,0,0.9913905
45.33429,130.9411,-52.05171,0,-0.510811,0,0.859693,-0.1308832,0,0,0.9913978
45.3788,130.9411,-51.96996,0,-0.5109003,0,0.85964,-0.1308353,0,0,0.9914041
45.42327,130.9411,-51.88822,0,-0.5110027,0,0.8595791,-0.1307938,0,0,0.9914097
45.46865,130.9411,-51.80477,0,-0.5111188,0,0.8595101,-0.1307571,0,0,0.9914144
45.5131,130.9411,-51.72301,0,-0.5112171,0,0.8594517,-0.1307261,0,0,0.9914185
45.55751,130.9411,-51.64123,0,-0.5113022,0,0.859401,-0.1306993,0,0,0.9914221
45.60192,130.9411,-51.55943,0,-0.5114009,0,0.8593422,-0.130647,0,0,0.991429
45.64631,130.9411,-51.47763,0,-0.5115116,0,0.8592765,-0.1306017,0,0,0.991435
45.69067,130.9411,-51.39582,0,-0.5116574,0,0.8591896,-0.1305625,0,0,0.9914401
45.7358,130.9411,-51.31255,0,-0.5118114,0,0.8590979,-0.130528,0,0,0.9914446
45.78011,130.9411,-51.23071,0,-0.5119922,0,0.8589901,-0.1304697,0,0,0.9914523
45.82438,130.9411,-51.14885,0,-0.5121739,0,0.8588818,-0.1304192,0,0,0.991459
45.86862,130.9411,-51.06697,0,-0.5123813,0,0.8587581,-0.1303755,0,0,0.9914647
45.91282,130.9411,-50.98507,0,-0.5125859,0,0.858636,-0.1303376,0,0,0.9914697
45.95698,130.9411,-50.90315,0,-0.5127882,0,0.8585152,-0.1303049,0,0,0.991474
46.0011,130.9411,-50.82121,0,-0.5129885,0,0.8583955,-0.1302474,0,0,0.9914815
46.04602,130.9411,-50.73769,0,-0.5132162,0,0.8582593,-0.1301968,0,0,0.9914882
46.09006,130.9411,-50.65571,0,-0.5134592,0,0.858114,-0.1301539,0,0,0.9914938
46.13406,130.9411,-50.5737,0,-0.5137197,0,0.8579581,-0.1301168,0,0,0.9914986
46.17802,130.9411,-50.49163,0,-0.5139955,0,0.8577929,-0.1300555,0,0,0.9915068
46.22277,130.9411,-50.40794,0,-0.5142645,0,0.8576317,-0.1300015,0,0,0.9915138
46.26739,130.9411,-50.32439,0,-0.5145218,0,0.8574774,-0.129955,0,0,0.9915199
46.31227,130.9411,-50.24023,0,-0.5147968,0,0.8573123,-0.1298848,0,0,0.9915292
46.35668,130.9411,-50.15682,0,-0.5150573,0,0.8571557,-0.1298248,0,0,0.991537
46.40118,130.9411,-50.07312,0,-0.5153341,0,0.8569894,-0.1297728,0,0,0.9915438
46.4457,130.9411,-49.98925,0,-0.515599,0,0.8568301,-0.1297278,0,0,0.9915497
46.48926,130.9411,-49.90707,0,-0.515848,0,0.8566802,-0.1296898,0,0,0.9915546
46.53447,130.9411,-49.82166,0,-0.516124,0,0.8565139,-0.1296556,0,0,0.9915591
46.5789,130.9411,-49.73758,0,-0.5164089,0,0.8563422,-0.1296267,0,0,0.9915629
46.62318,130.9411,-49.65364,0,-0.5167052,0,0.8561634,-0.1296018,0,0,0.9915661
46.66652,130.9411,-49.57138,0,-0.5170057,0,0.8559819,-0.1295807,0,0,0.9915689
46.70983,130.9411,-49.48901,0,-0.5173162,0,0.8557944,-0.1295625,0,0,0.9915712
46.75308,130.9411,-49.4066,0,-0.517635,0,0.8556016,-0.1295466,0,0,0.9915733
46.79715,130.9411,-49.3225,0,-0.5179422,0,0.8554156,-0.1295327,0,0,0.9915752
46.84028,130.9411,-49.24004,0,-0.5182521,0,0.855228,-0.1295209,0,0,0.9915767
46.88509,130.9411,-49.15421,0,-0.5185831,0,0.8550272,-0.1295103,0,0,0.9915781
46.9281,130.9411,-49.07168,0,-0.518882,0,0.8548459,-0.1295014,0,0,0.9915792
46.97274,130.9411,-48.98589,0,-0.5192028,0,0.8546512,-0.1294935,0,0,0.9915803
47.01643,130.9411,-48.90175,0,-0.519499,0,0.8544711,-0.1294869,0,0,0.9915812
47.06012,130.9411,-48.81747,0,-0.519806,0,0.8542844,-0.1294811,0,0,0.9915819
47.10289,130.9411,-48.73481,0,-0.5201404,0,0.8540808,-0.1294762,0,0,0.9915826
47.1456,130.9411,-48.65212,0,-0.5205047,0,0.8538588,-0.129472,0,0,0.9915831
47.18825,130.9411,-48.56938,0,-0.5208701,0,0.853636,-0.1294683,0,0,0.9915836
47.23166,130.9411,-48.48499,0,-0.5212435,0,0.853408,-0.1294651,0,0,0.991584
47.27415,130.9411,-48.40219,0,-0.5215846,0,0.8531996,-0.1294624,0,0,0.9915844
47.31658,130.9411,-48.31936,0,-0.5219298,0,0.8529884,-0.129489,0,0,0.9915808
47.35911,130.9411,-48.23616,0,-0.5222799,0,0.8527741,-0.1295123,0,0,0.9915779
47.40139,130.9411,-48.1533,0,-0.5226313,0,0.8525588,-0.1295322,0,0,0.9915752
47.44361,130.9411,-48.07036,0,-0.5229856,0,0.8523415,-0.1295495,0,0,0.991573
47.48577,130.9411,-47.98738,0,-0.5233421,0,0.8521227,-0.1295645,0,0,0.991571
47.52786,130.9411,-47.90437,0,-0.5237006,0,0.8519024,-0.1296066,0,0,0.9915655
47.56988,130.9411,-47.82133,0,-0.5240359,0,0.8516961,-0.1296429,0,0,0.9915608
47.61183,130.9411,-47.73826,0,-0.5243761,0,0.8514868,-0.1296744,0,0,0.9915566
47.65427,130.9411,-47.65405,0,-0.5247249,0,0.8512719,-0.1297021,0,0,0.991553
47.69689,130.9411,-47.56931,0,-0.5250787,0,0.8510537,-0.1297557,0,0,0.991546
47.73949,130.9411,-47.48444,0,-0.5254352,0,0.8508337,-0.129802,0,0,0.99154
47.78212,130.9411,-47.39932,0,-0.5257945,0,0.8506116,-0.1298421,0,0,0.9915347
47.82373,130.9411,-47.31609,0,-0.526172,0,0.8503782,-0.1298759,0,0,0.9915302
47.86526,130.9411,-47.2328,0,-0.5265486,0,0.8501451,-0.1299342,0,0,0.9915226
47.90736,130.9411,-47.14819,0,-0.5269302,0,0.8499086,-0.1299855,0,0,0.9915159
47.94875,130.9411,-47.06482,0,-0.5273044,0,0.8496765,-0.1300291,0,0,0.9915102
47.99006,130.9411,-46.98143,0,-0.527678,0,0.8494445,-0.1300668,0,0,0.9915053
48.03131,130.9411,-46.89799,0,-0.5280513,0,0.8492125,-0.1301285,0,0,0.9914972
48.07247,130.9411,-46.81453,0,-0.5284239,0,0.8489807,-0.130182,0,0,0.9914901
48.11356,130.9411,-46.73103,0,-0.5287962,0,0.8487489,-0.1302282,0,0,0.991484
48.1548,130.9411,-46.64705,0,-0.5291702,0,0.8485157,-0.1302977,0,0,0.991475
48.19574,130.9411,-46.56347,0,-0.5295662,0,0.8482686,-0.1303865,0,0,0.9914632
48.23661,130.9411,-46.47985,0,-0.5299587,0,0.8480235,-0.1304634,0,0,0.9914532
48.27743,130.9411,-46.39614,0,-0.5303484,0,0.8477798,-0.1305591,0,0,0.9914405
48.31899,130.9411,-46.31071,0,-0.5307431,0,0.8475327,-0.1306436,0,0,0.9914294
48.3605,130.9411,-46.22519,0,-0.5311346,0,0.8472875,-0.1307462,0,0,0.9914159
48.40105,130.9411,-46.14143,0,-0.5315394,0,0.8470336,-0.130862,0,0,0.9914007
48.44153,130.9411,-46.05762,0,-0.5319148,0,0.8467979,-0.1309622,0,0,0.9913874
48.48194,130.9411,-45.97378,0,-0.5322648,0,0.846578,-0.131078,0,0,0.9913721
48.52299,130.9411,-45.88841,0,-0.5326234,0,0.8463523,-0.13118,0,0,0.9913586
48.56325,130.9411,-45.8045,0,-0.5329526,0,0.8461452,-0.1312956,0,0,0.9913433
48.60345,130.9411,-45.72057,0,-0.5333116,0,0.845919,-0.1313957,0,0,0.99133
48.64359,130.9411,-45.63657,0,-0.5336965,0,0.8456761,-0.1315114,0,0,0.9913146
48.68439,130.9411,-45.55098,0,-0.5341114,0,0.8454141,-0.131643,0,0,0.9912972
48.72432,130.9411,-45.46701,0,-0.5345365,0,0.8451454,-0.1317834,0,0,0.9912785
48.76421,130.9411,-45.38292,0,-0.534979,0,0.8448654,-0.1319342,0,0,0.9912585
48.80405,130.9411,-45.29869,0,-0.5354366,0,0.8445755,-0.1320648,0,0,0.9912411
48.84371,130.9411,-45.21461,0,-0.5358812,0,0.8442934,-0.1322067,0,0,0.9912222
48.88333,130.9411,-45.13038,0,-0.5363405,0,0.8440017,-0.1323296,0,0,0.9912058
48.92286,130.9411,-45.04612,0,-0.5368121,0,0.8437018,-0.1324651,0,0,0.9911878
48.96228,130.9411,-44.96182,0,-0.5372943,0,0.8433949,-0.1326114,0,0,0.9911681
49.00161,130.9411,-44.87749,0,-0.5377855,0,0.8430817,-0.1327671,0,0,0.9911473
49.04137,130.9411,-44.79195,0,-0.5382417,0,0.8427905,-0.1329037,0,0,0.991129
49.08052,130.9411,-44.70753,0,-0.5387044,0,0.8424948,-0.1330492,0,0,0.9911094
49.11957,130.9411,-44.62305,0,-0.5392033,0,0.8421756,-0.1332042,0,0,0.9910886
49.15852,130.9411,-44.53853,0,-0.5397091,0,0.8418517,-0.1333674,0,0,0.9910667
49.19809,130.9411,-44.45239,0,-0.5402301,0,0.8415173,-0.133541,0,0,0.9910433
49.23682,130.9411,-44.36779,0,-0.5407453,0,0.8411864,-0.133688,0,0,0.9910235
49.27546,130.9411,-44.28312,0,-0.5412652,0,0.840852,-0.1338443,0,0,0.9910024
49.314,130.9411,-44.19841,0,-0.5417889,0,0.8405147,-0.1340087,0,0,0.9909802
49.35314,130.9411,-44.11208,0,-0.5423257,0,0.8401684,-0.1341536,0,0,0.9909605
49.39146,130.9411,-44.02727,0,-0.5428298,0,0.8398427,-0.1343055,0,0,0.99094
49.43121,130.9411,-43.93902,0,-0.5433602,0,0.8394997,-0.1344724,0,0,0.9909174
49.46932,130.9411,-43.85411,0,-0.5438726,0,0.8391678,-0.1346395,0,0,0.9908947
49.50733,130.9411,-43.76916,0,-0.5443897,0,0.8388324,-0.1348133,0,0,0.9908711
49.54523,130.9411,-43.68416,0,-0.5449353,0,0.8384781,-0.1349927,0,0,0.9908466
49.58303,130.9411,-43.59911,0,-0.5454567,0,0.838139,-0.1351771,0,0,0.9908215
49.62071,130.9411,-43.51402,0,-0.5459815,0,0.8377972,-0.1353657,0,0,0.9907957
49.65829,130.9411,-43.42888,0,-0.5465093,0,0.8374531,-0.135529,0,0,0.9907734
49.69577,130.9411,-43.34369,0,-0.5470152,0,0.8371227,-0.1356995,0,0,0.9907501
49.73455,130.9411,-43.25523,0,-0.5475206,0,0.8367922,-0.1358525,0,0,0.9907291
49.7725,130.9411,-43.16839,0,-0.5479973,0,0.8364801,-0.1359817,0,0,0.9907113
49.80967,130.9411,-43.08308,0,-0.5484746,0,0.8361672,-0.1361203,0,0,0.9906923
49.84674,130.9411,-42.99771,0,-0.5489369,0,0.8358638,-0.1362403,0,0,0.9906759
49.88375,130.9411,-42.91225,0,-0.5494106,0,0.8355525,-0.1363442,0,0,0.9906616
49.92138,130.9411,-42.82507,0,-0.5498785,0,0.8352447,-0.1364655,0,0,0.9906449
49.95816,130.9411,-42.73959,0,-0.5503232,0,0.8349517,-0.1365681,0,0,0.9906307
49.99486,130.9411,-42.65406,0,-0.5507571,0,0.8346656,-0.136686,0,0,0.9906145
50.03146,130.9411,-42.56849,0,-0.5512058,0,0.8343694,-0.136788,0,0,0.9906003
50.06863,130.9411,-42.48137,0,-0.5516756,0,0.8340589,-0.1369074,0,0,0.9905839
50.10505,130.9411,-42.39572,0,-0.552147,0,0.8337468,-0.1370378,0,0,0.9905658
50.14137,130.9411,-42.31003,0,-0.5526283,0,0.8334278,-0.1371506,0,0,0.9905502
50.17759,130.9411,-42.22431,0,-0.5530936,0,0.8331192,-0.1372482,0,0,0.9905367
50.21434,130.9411,-42.13705,0,-0.5535532,0,0.8328139,-0.1373638,0,0,0.9905207
50.2507,130.9411,-42.05046,0,-0.5539958,0,0.8325195,-0.1374627,0,0,0.9905069
50.28664,130.9411,-41.96461,0,-0.5544722,0,0.8322023,-0.1376056,0,0,0.9904871
50.32248,130.9411,-41.87872,0,-0.5549575,0,0.8318787,-0.1377583,0,0,0.9904659
50.35855,130.9411,-41.79201,0,-0.5554794,0,0.8315303,-0.137921,0,0,0.9904432
50.39418,130.9411,-41.70604,0,-0.5559994,0,0.8311828,-0.1380894,0,0,0.9904198
50.42971,130.9411,-41.62003,0,-0.5565223,0,0.8308327,-0.1382642,0,0,0.9903954
50.46513,130.9411,-41.53395,0,-0.5570721,0,0.8304642,-0.1384737,0,0,0.9903662
50.5013,130.9411,-41.44572,0,-0.5576342,0,0.8300868,-0.1386891,0,0,0.990336
50.53648,130.9411,-41.35958,0,-0.5582042,0,0.8297036,-0.1388995,0,0,0.9903065
50.57155,130.9411,-41.27338,0,-0.5587704,0,0.8293225,-0.1391107,0,0,0.9902769
50.6065,130.9411,-41.18712,0,-0.5593573,0,0.8289266,-0.1393225,0,0,0.9902471
50.64254,130.9411,-41.09783,0,-0.5600082,0,0.8284871,-0.1395723,0,0,0.9902119
50.67777,130.9411,-41.01013,0,-0.5606563,0,0.8280486,-0.1398129,0,0,0.9901779
50.71233,130.9411,-40.92372,0,-0.5612801,0,0.8276259,-0.1400465,0,0,0.990145
50.74675,130.9411,-40.83726,0,-0.5618685,0,0.8272265,-0.1402777,0,0,0.9901122
50.78106,130.9411,-40.75074,0,-0.5624506,0,0.8268309,-0.140536,0,0,0.9900756
50.81586,130.9411,-40.66263,0,-0.5630616,0,0.8264149,-0.1407931,0,0,0.9900391
50.8505,130.9411,-40.57452,0,-0.563687,0,0.8259885,-0.1410739,0,0,0.9899991
50.88509,130.9411,-40.48617,0,-0.5643263,0,0.8255519,-0.1413465,0,0,0.9899602
50.91887,130.9411,-40.39946,0,-0.5649879,0,0.8250992,-0.1416353,0,0,0.9899189
50.95252,130.9411,-40.31269,0,-0.565657,0,0.8246406,-0.1419143,0,0,0.989879
50.98603,130.9411,-40.22586,0,-0.5663325,0,0.8241768,-0.1422139,0,0,0.989836
51.02013,130.9411,-40.1371,0,-0.5670527,0,0.8236815,-0.1425382,0,0,0.9897893
51.05334,130.9411,-40.05017,0,-0.5677809,0,0.8231797,-0.142841,0,0,0.9897457
51.0864,130.9411,-39.96317,0,-0.5685314,0,0.8226616,-0.1431321,0,0,0.9897036
51.1193,130.9411,-39.87612,0,-0.5693009,0,0.8221292,-0.1434712,0,0,0.9896545
51.15204,130.9411,-39.789,0,-0.5700871,0,0.8215843,-0.1438519,0,0,0.9895992
51.18578,130.9411,-39.69872,0,-0.5709652,0,0.8209743,-0.1442833,0,0,0.9895364
51.2188,130.9411,-39.60975,0,-0.5718804,0,0.820337,-0.1447378,0,0,0.9894701
51.25164,130.9411,-39.52068,0,-0.5728168,0,0.8196835,-0.145219,0,0,0.9893996
51.28426,130.9411,-39.43156,0,-0.5737464,0,0.819033,-0.1456933,0,0,0.9893298
51.31606,130.9411,-39.34409,0,-0.5746526,0,0.8183975,-0.1461817,0,0,0.9892578
51.34888,130.9411,-39.25318,0,-0.5755665,0,0.817755,-0.146681,0,0,0.9891838
51.38103,130.9411,-39.16347,0,-0.5764396,0,0.8171399,-0.1471937,0,0,0.9891077
51.41276,130.9411,-39.07436,0,-0.5773079,0,0.8165265,-0.1476915,0,0,0.9890335
51.44442,130.9411,-38.98485,0,-0.5781336,0,0.8159421,-0.1481524,0,0,0.9889646
51.47587,130.9411,-38.89534,0,-0.5789427,0,0.8153683,-0.1486089,0,0,0.9888961
51.50655,130.9411,-38.80748,0,-0.5797228,0,0.8148138,-0.1490533,0,0,0.9888291
51.53706,130.9411,-38.71955,0,-0.5804696,0,0.8142819,-0.149467,0,0,0.9887667
51.56741,130.9411,-38.63158,0,-0.5811874,0,0.8137698,-0.1498539,0,0,0.9887082
51.59812,130.9411,-38.54205,0,-0.5818919,0,0.8132662,-0.150224,0,0,0.9886521
51.62816,130.9411,-38.45396,0,-0.5825613,0,0.8127868,-0.1505671,0,0,0.9885998
51.65806,130.9411,-38.36583,0,-0.5831883,0,0.812337,-0.1509221,0,0,0.9885457
51.68783,130.9411,-38.27762,0,-0.5838026,0,0.8118957,-0.1512584,0,0,0.9884943
51.71746,130.9411,-38.1894,0,-0.5843816,0,0.811479,-0.1515783,0,0,0.9884453
51.74696,130.9411,-38.10113,0,-0.584954,0,0.8110665,-0.1518842,0,0,0.9883984
51.77636,130.9411,-38.01277,0,-0.5855209,0,0.8106573,-0.1521781,0,0,0.9883531
51.80614,130.9411,-37.9228,0,-0.5860687,0,0.8102614,-0.1524665,0,0,0.9883087
51.83528,130.9411,-37.83442,0,-0.5865569,0,0.809908,-0.1527398,0,0,0.9882664
51.86431,130.9411,-37.74599,0,-0.5870034,0,0.8095845,-0.1530054,0,0,0.9882254
51.89324,130.9411,-37.65752,0,-0.5874374,0,0.8092697,-0.1532643,0,0,0.9881852
51.92261,130.9411,-37.5674,0,-0.5878682,0,0.8089567,-0.153522,0,0,0.9881453
51.95198,130.9411,-37.47692,0,-0.5882897,0,0.8086502,-0.1537748,0,0,0.988106
51.98063,130.9411,-37.38838,0,-0.5887164,0,0.8083397,-0.1540171,0,0,0.9880682
52.00919,130.9411,-37.2998,0,-0.589133,0,0.8080361,-0.1542558,0,0,0.988031
52.03765,130.9411,-37.21119,0,-0.589541,0,0.8077385,-0.1544914,0,0,0.9879941
52.06603,130.9411,-37.12255,0,-0.5899649,0,0.8074289,-0.1547534,0,0,0.9879532
52.09431,130.9411,-37.03389,0,-0.5904261,0,0.8070918,-0.1550381,0,0,0.9879085
52.12249,130.9411,-36.94519,0,-0.590943,0,0.8067134,-0.1553426,0,0,0.9878607
52.1478,130.9411,-36.84685,0,-0.5916097,0,0.8062245,-0.1557245,0,0,0.9878005
52.16655,130.9411,-36.75447,0,-0.5922071,0,0.8057859,-0.1560551,0,0,0.9877484
52.18058,130.9411,-36.66135,0,-0.592767,0,0.805374,-0.1563677,0,0,0.9876989
52.19005,130.9411,-36.56682,0,-0.593299,0,0.8049822,-0.1566672,0,0,0.9876515
52.19494,130.9411,-36.47091,0,-0.5938534,0,0.8045733,-0.1569845,0,0,0.9876011
52.19525,130.9411,-36.37362,0,-0.5944039,0,0.8041667,-0.1573171,0,0,0.9875482
52.19066,130.9411,-36.27131,0,-0.5949708,0,0.8037474,-0.1576454,0,0,0.9874958
52.18139,130.9411,-36.16935,0,-0.5955222,0,0.8033389,-0.1579526,0,0,0.9874468
52.16769,130.9411,-36.06792,0,-0.5960598,0,0.8029401,-0.1582417,0,0,0.9874004
52.14941,130.9411,-35.96517,0,-0.5965722,0,0.8025594,-0.158521,0,0,0.9873556
52.12654,130.9411,-35.8611,0,-0.5970627,0,0.8021946,-0.1587916,0,0,0.9873121
52.09845,130.9411,-35.75359,0,-0.5975437,0,0.8018364,-0.1590303,0,0,0.9872737
52.06551,130.9411,-35.64449,0,-0.5980077,0,0.8014904,-0.1592664,0,0,0.9872357
52.02869,130.9411,-35.53646,0,-0.5984462,0,0.801163,-0.1594946,0,0,0.9871988
51.9873,130.9411,-35.42716,0,-0.5988495,0,0.8008616,-0.1597211,0,0,0.9871622
51.94134,130.9411,-35.31659,0,-0.5992454,0,0.8005654,-0.159946,0,0,0.9871258
51.89079,130.9411,-35.20475,0,-0.5996349,0,0.8002737,-0.1601697,0,0,0.9870895
51.83358,130.9411,-35.08763,0,-0.6000325,0,0.7999757,-0.1604,0,0,0.9870521
51.77244,130.9411,-34.97091,0,-0.6004175,0,0.7996867,-0.160625,0,0,0.9870155
51.70777,130.9411,-34.85327,0,-0.6007974,0,0.7994013,-0.1608782,0,0,0.9869743
51.64307,130.9411,-34.73586,0,-0.6011962,0,0.7991015,-0.1611258,0,0,0.9869339
51.57944,130.9411,-34.62064,0,-0.6015809,0,0.7988119,-0.1613646,0,0,0.9868949
51.5157,130.9411,-34.50549,0,-0.6019374,0,0.7985433,-0.1616002,0,0,0.9868563
51.45185,130.9411,-34.39039,0,-0.6022927,0,0.7982753,-0.1618622,0,0,0.9868134
51.38676,130.9411,-34.27328,0,-0.602677,0,0.7979853,-0.1621224,0,0,0.9867707
51.32133,130.9411,-34.15586,0,-0.6030575,0,0.7976978,-0.1624069,0,0,0.9867239
51.25717,130.9411,-34.04095,0,-0.6034487,0,0.7974018,-0.1627343,0,0,0.98667
51.19289,130.9411,-33.9261,0,-0.6038341,0,0.79711,-0.1630466,0,0,0.9866184
51.12833,130.9411,-33.811,0,-0.6041921,0,0.7968386,-0.1633756,0,0,0.9865639
51.06385,130.9411,-33.6963,0,-0.6045476,0,0.796569,-0.1637175,0,0,0.9865073
50.99926,130.9411,-33.58163,0,-0.6048788,0,0.7963175,-0.1640713,0,0,0.9864485
50.93456,130.9411,-33.467,0,-0.605189,0,0.7960818,-0.1643774,0,0,0.9863976
50.86882,130.9411,-33.35074,0,-0.6054852,0,0.7958566,-0.1646755,0,0,0.9863478
50.80395,130.9411,-33.2362,0,-0.6057607,0,0.7956469,-0.1649582,0,0,0.9863006
50.73901,130.9411,-33.12175,0,-0.6060456,0,0.7954299,-0.1652607,0,0,0.98625
50.67398,130.9411,-33.00731,0,-0.6063157,0,0.7952241,-0.1655515,0,0,0.9862012
50.60782,130.9411,-32.89106,0,-0.6065769,0,0.7950249,-0.1658366,0,0,0.9861532
50.54133,130.9411,-32.77442,0,-0.6068271,0,0.7948339,-0.1661427,0,0,0.9861017
50.47476,130.9411,-32.65781,0,-0.6070905,0,0.7946327,-0.1664364,0,0,0.9860522
50.40944,130.9411,-32.54356,0,-0.6073596,0,0.794427,-0.1667427,0,0,0.9860005
50.34403,130.9411,-32.42934,0,-0.6076391,0,0.7942133,-0.1670657,0,0,0.9859458
50.27855,130.9411,-32.31518,0,-0.6079043,0,0.7940103,-0.1673742,0,0,0.9858935
50.21297,130.9411,-32.20103,0,-0.6081803,0,0.7937989,-0.1676991,0,0,0.9858383
50.14734,130.9411,-32.08697,0,-0.6084887,0,0.7935625,-0.1680672,0,0,0.9857755
50.08161,130.9411,-31.97293,0,-0.608779,0,0.7933399,-0.1684148,0,0,0.9857163
50.01463,130.9411,-31.85693,0,-0.6091054,0,0.7930893,-0.1688389,0,0,0.9856437
49.94871,130.9411,-31.74299,0,-0.6094287,0,0.7928409,-0.1692275,0,0,0.985577
49.8826,130.9411,-31.62893,0,-0.6097785,0,0.7925719,-0.1696513,0,0,0.9855042
49.8165,130.9411,-31.51512,0,-0.610104,0,0.7923213,-0.1700753,0,0,0.9854311
49.7503,130.9411,-31.40135,0,-0.6104322,0,0.7920685,-0.1704711,0,0,0.9853627
49.68401,130.9411,-31.28764,0,-0.6107625,0,0.7918139,-0.1708423,0,0,0.9852984
49.61764,130.9411,-31.174,0,-0.6110948,0,0.7915574,-0.1712216,0,0,0.9852325
49.5486,130.9411,-31.05602,0,-0.6114177,0,0.791308,-0.1715923,0,0,0.985168
49.48203,130.9411,-30.9425,0,-0.6117775,0,0.7910299,-0.1719864,0,0,0.9850994
49.41536,130.9411,-30.82902,0,-0.6121123,0,0.7907709,-0.1723562,0,0,0.9850347
49.34859,130.9411,-30.7156,0,-0.6124713,0,0.7904928,-0.1727341,0,0,0.9849685
49.28172,130.9411,-30.60224,0,-0.6128053,0,0.790234,-0.1730901,0,0,0.984906
49.21474,130.9411,-30.48894,0,-0.6131406,0,0.7899738,-0.1734559,0,0,0.9848416
49.14767,130.9411,-30.37568,0,-0.6134542,0,0.7897304,-0.1738014,0,0,0.9847807
49.08052,130.9411,-30.26248,0,-0.6137947,0,0.7894657,-0.1741583,0,0,0.9847177
49.01327,130.9411,-30.14935,0,-0.6141127,0,0.7892184,-0.174525,0,0,0.9846528
48.94585,130.9411,-30.03613,0,-0.6144575,0,0.78895,-0.1749006,0,0,0.9845861
48.87843,130.9411,-29.92315,0,-0.6147786,0,0.7886997,-0.175254,0,0,0.9845233
48.81089,130.9411,-29.81018,0,-0.6151028,0,0.7884469,-0.1756177,0,0,0.9844585
48.74326,130.9411,-29.69726,0,-0.6154067,0,0.7882097,-0.1759904,0,0,0.9843919
48.67555,130.9411,-29.58441,0,-0.6157158,0,0.7879684,-0.1763707,0,0,0.9843238
48.60775,130.9411,-29.4716,0,-0.6160294,0,0.7877232,-0.1767577,0,0,0.9842544
48.53986,130.9411,-29.35884,0,-0.616347,0,0.7874748,-0.1771504,0,0,0.9841838
48.47086,130.9411,-29.24447,0,-0.6166726,0,0.7872198,-0.1775246,0,0,0.9841164
48.4015,130.9411,-29.1297,0,-0.617002,0,0.7869617,-0.1779078,0,0,0.9840472
48.33333,130.9411,-29.01712,0,-0.617304,0,0.7867247,-0.1782611,0,0,0.9839832
48.26507,130.9411,-28.90458,0,-0.6176115,0,0.7864833,-0.1786247,0,0,0.9839173
48.19672,130.9411,-28.7921,0,-0.6179237,0,0.7862381,-0.1789972,0,0,0.9838496
48.13281,130.9411,-28.68078,0,-0.6182857,0,0.7859535,-0.1794064,0,0,0.9837751
48.07129,130.9411,-28.56656,0,-0.6186819,0,0.7856416,-0.1798336,0,0,0.9836971
48.01527,130.9411,-28.45522,0,-0.6191117,0,0.785303,-0.1802846,0,0,0.9836146
47.96399,130.9411,-28.34536,0,-0.6195748,0,0.7849376,-0.1807609,0,0,0.9835271
47.91753,130.9411,-28.23736,0,-0.6200649,0,0.7845506,-0.1812866,0,0,0.9834303
47.8754,130.9411,-28.12998,0,-0.6205603,0,0.7841588,-0.1818313,0,0,0.9833298
47.83841,130.9411,-28.02561,0,-0.621072,0,0.7837535,-0.1823798,0,0,0.9832282
47.80581,130.9411,-27.92237,0,-0.6215835,0,0.7833479,-0.1829121,0,0,0.9831293
47.7776,130.9411,-27.82021,0,-0.622095,0,0.7829417,-0.1834304,0,0,0.9830327
47.7538,130.9411,-27.71914,0,-0.6226065,0,0.7825351,-0.1839366,0,0,0.9829381
47.73441,130.9411,-27.61916,0,-0.6231176,0,0.7821282,-0.1844613,0,0,0.9828398
47.71907,130.9411,-27.51698,0,-0.6236457,0,0.7817072,-0.1849901,0,0,0.9827404
47.70853,130.9411,-27.41763,0,-0.6241623,0,0.7812947,-0.1854961,0,0,0.982645
47.70255,130.9411,-27.31906,0,-0.6246795,0,0.7808812,-0.185993,0,0,0.9825511
47.70109,130.9411,-27.22334,0,-0.6251861,0,0.7804757,-0.1865005,0,0,0.9824549
47.70404,130.9411,-27.12862,0,-0.6256931,0,0.7800694,-0.1869974,0,0,0.9823604
47.71142,130.9411,-27.03493,0,-0.6262228,0,0.7796441,-0.187485,0,0,0.9822675
47.72321,130.9411,-26.94223,0,-0.6267498,0,0.7792206,-0.1879646,0,0,0.9821759
47.74025,130.9411,-26.84694,0,-0.6273183,0,0.7787629,-0.1884558,0,0,0.9820817
47.76045,130.9411,-26.75424,0,-0.6278908,0,0.7783015,-0.1889289,0,0,0.9819908
47.78051,130.9411,-26.66152,0,-0.6284544,0,0.7778465,-0.1893959,0,0,0.9819008
47.80005,130.9411,-26.57059,0,-0.6290219,0,0.7773876,-0.1898485,0,0,0.9818134
47.81947,130.9411,-26.47957,0,-0.6296043,0,0.776916,-0.1902981,0,0,0.9817263
47.83915,130.9411,-26.38668,0,-0.6302111,0,0.7764239,-0.1907835,0,0,0.9816322
47.85868,130.9411,-26.29375,0,-0.6308503,0,0.7759047,-0.191261,0,0,0.9815392
47.87798,130.9411,-26.20115,0,-0.6314917,0,0.7753827,-0.1917594,0,0,0.981442
47.89682,130.9411,-26.11001,0,-0.6321271,0,0.7748647,-0.1922693,0,0,0.9813422
47.91551,130.9411,-26.01884,0,-0.632745,0,0.7743603,-0.1927681,0,0,0.9812443
47.93406,130.9411,-25.92759,0,-0.6333706,0,0.7738487,-0.1932577,0,0,0.9811481
47.95246,130.9411,-25.83636,0,-0.6339796,0,0.7733498,-0.1937386,0,0,0.9810532
47.97072,130.9411,-25.7451,0,-0.6345745,0,0.7728617,-0.1942414,0,0,0.9809538
47.98883,130.9411,-25.65381,0,-0.6351572,0,0.7723829,-0.1947049,0,0,0.9808619
48.00712,130.9411,-25.5609,0,-0.6357164,0,0.7719227,-0.1951717,0,0,0.9807691
48.02533,130.9411,-25.4677,0,-0.6362696,0,0.7714668,-0.1956047,0,0,0.9806828
48.04337,130.9411,-25.37465,0,-0.636792,0,0.7710357,-0.1960363,0,0,0.9805967
48.06131,130.9411,-25.28141,0,-0.6372898,0,0.7706243,-0.1964384,0,0,0.9805162
48.07911,130.9411,-25.18827,0,-0.6377875,0,0.7702124,-0.1968436,0,0,0.980435
48.09647,130.9411,-25.09684,0,-0.6382767,0,0.769807,-0.1972443,0,0,0.9803544
48.1137,130.9411,-25.00538,0,-0.6387452,0,0.7694184,-0.1976197,0,0,0.9802788
48.13083,130.9411,-24.91386,0,-0.6391736,0,0.7690626,-0.1979733,0,0,0.9802074
48.14786,130.9411,-24.82237,0,-0.6395892,0,0.768717,-0.1983368,0,0,0.980134
48.16478,130.9411,-24.73086,0,-0.6399939,0,0.76838,-0.1986509,0,0,0.9800703
48.18161,130.9411,-24.63932,0,-0.640367,0,0.7680691,-0.1989805,0,0,0.9800035
48.19863,130.9411,-24.54623,0,-0.640741,0,0.7677571,-0.1992996,0,0,0.9799386
48.21563,130.9411,-24.45275,0,-0.641111,0,0.7674481,-0.1996053,0,0,0.9798764
48.23253,130.9411,-24.35927,0,-0.6414761,0,0.767143,-0.1999279,0,0,0.9798106
48.24931,130.9411,-24.26599,0,-0.641836,0,0.7668419,-0.2002052,0,0,0.979754
48.2657,130.9411,-24.17439,0,-0.6421637,0,0.7665675,-0.2004978,0,0,0.9796941
48.28201,130.9411,-24.08276,0,-0.6424922,0,0.7662923,-0.2007507,0,0,0.9796424
48.29824,130.9411,-23.99112,0,-0.6428213,0,0.7660162,-0.2010273,0,0,0.9795856
48.3147,130.9411,-23.8977,0,-0.6431574,0,0.765734,-0.2013006,0,0,0.9795296
48.33078,130.9411,-23.80603,0,-0.6435313,0,0.7654199,-0.2015896,0,0,0.9794701
48.34739,130.9411,-23.7107,0,-0.6439605,0,0.7650588,-0.2019096,0,0,0.9794042
48.36327,130.9411,-23.61901,0,-0.6443605,0,0.7647218,-0.2022029,0,0,0.9793437
48.37906,130.9411,-23.52729,0,-0.6447961,0,0.7643547,-0.2025145,0,0,0.9792793
48.39474,130.9411,-23.43554,0,-0.64524,0,0.7639799,-0.2028418,0,0,0.9792116
48.41058,130.9411,-23.34221,0,-0.645699,0,0.7635921,-0.203159,0,0,0.9791458
48.42633,130.9411,-23.24871,0,-0.6461413,0,0.7632178,-0.2034623,0,0,0.9790828
48.44201,130.9411,-23.15503,0,-0.6465921,0,0.762836,-0.2037834,0,0,0.9790161
48.45753,130.9411,-23.06151,0,-0.6470257,0,0.7624682,-0.2040594,0,0,0.9789585
48.47268,130.9411,-22.96968,0,-0.6474378,0,0.7621183,-0.2043509,0,0,0.9788978
48.48772,130.9411,-22.87784,0,-0.6478391,0,0.7617773,-0.2046028,0,0,0.9788451
48.50267,130.9411,-22.78598,0,-0.648231,0,0.7614438,-0.2048495,0,0,0.9787935
48.51782,130.9411,-22.69228,0,-0.6485999,0,0.7611296,-0.2050964,0,0,0.9787418
48.53258,130.9411,-22.6004,0,-0.6489565,0,0.7608255,-0.205334,0,0,0.978692
48.54726,130.9411,-22.5085,0,-0.6493097,0,0.7605241,-0.2055684,0,0,0.9786428
48.56185,130.9411,-22.41658,0,-0.6496599,0,0.7602249,-0.2057709,0,0,0.9786002
48.57662,130.9411,-22.32298,0,-0.6499915,0,0.7599416,-0.2059786,0,0,0.9785565
48.59135,130.9411,-22.2291,0,-0.6503237,0,0.7596572,-0.2061876,0,0,0.9785125
48.60596,130.9411,-22.13549,0,-0.6506323,0,0.7593929,-0.2063672,0,0,0.9784746
48.62052,130.9411,-22.04166,0,-0.6509671,0,0.7591059,-0.2065518,0,0,0.9784357
48.635,130.9411,-21.9478,0,-0.6513014,0,0.7588192,-0.2067405,0,0,0.9783958
48.64938,130.9411,-21.85408,0,-0.6516346,0,0.7585331,-0.2069323,0,0,0.9783553
48.66341,130.9411,-21.76208,0,-0.6519391,0,0.7582713,-0.2071235,0,0,0.9783148
48.67793,130.9411,-21.66633,0,-0.6522595,0,0.7579957,-0.2072954,0,0,0.9782785
48.69207,130.9411,-21.57258,0,-0.6525521,0,0.7577439,-0.2074694,0,0,0.9782415
48.70587,130.9411,-21.48055,0,-0.6528443,0,0.7574922,-0.2076166,0,0,0.9782103
48.71961,130.9411,-21.38851,0,-0.6531414,0,0.7572359,-0.2077728,0,0,0.9781771
48.73327,130.9411,-21.29645,0,-0.6534209,0,0.7569948,-0.2079367,0,0,0.9781423
48.74714,130.9411,-21.20256,0,-0.6537127,0,0.7567428,-0.2081108,0,0,0.9781053
48.76066,130.9411,-21.11049,0,-0.654004,0,0.7564911,-0.2082868,0,0,0.9780678
48.77411,130.9411,-21.0184,0,-0.6543003,0,0.7562348,-0.2084389,0,0,0.9780354
48.78749,130.9411,-20.9263,0,-0.654601,0,0.7559745,-0.2085994,0,0,0.9780012
48.80103,130.9411,-20.83257,0,-0.6549109,0,0.7557061,-0.2087404,0,0,0.9779711
48.81453,130.9411,-20.73861,0,-0.6552241,0,0.7554346,-0.2088918,0,0,0.9779388
48.82769,130.9411,-20.64648,0,-0.6555332,0,0.7551664,-0.2090487,0,0,0.9779053
48.84077,130.9411,-20.55433,0,-0.655823,0,0.7549147,-0.2091842,0,0,0.9778762
48.85383,130.9411,-20.46184,0,-0.656119,0,0.7546574,-0.2093309,0,0,0.9778449
48.86676,130.9411,-20.3697,0,-0.6564403,0,0.7543781,-0.2094861,0,0,0.9778117
48.87962,130.9411,-20.27753,0,-0.6567405,0,0.7541167,-0.2096492,0,0,0.9777767
48.89241,130.9411,-20.18534,0,-0.6570445,0,0.7538518,-0.2097901,0,0,0.9777465
48.90536,130.9411,-20.09138,0,-0.6573576,0,0.7535788,-0.2099438,0,0,0.9777135
48.91819,130.9411,-19.9978,0,-0.6576492,0,0.7533243,-0.210105,0,0,0.9776788
48.93101,130.9411,-19.90367,0,-0.6579251,0,0.7530834,-0.2102448,0,0,0.9776488
48.94372,130.9411,-19.80986,0,-0.6582071,0,0.752837,-0.2103647,0,0,0.977623
48.95615,130.9411,-19.71763,0,-0.6584684,0,0.7526084,-0.2104954,0,0,0.9775949
48.96851,130.9411,-19.62539,0,-0.6587387,0,0.7523718,-0.2106372,0,0,0.9775643
48.98081,130.9411,-19.53313,0,-0.6590167,0,0.7521284,-0.2107888,0,0,0.9775317
48.99303,130.9411,-19.44088,0,-0.6593012,0,0.7518789,-0.2109198,0,0,0.9775034
49.00568,130.9411,-19.34489,0,-0.6596032,0,0.751614,-0.2110676,0,0,0.9774715
49.01777,130.9411,-19.25261,0,-0.6598968,0,0.7513562,-0.2112187,0,0,0.9774388
49.02978,130.9411,-19.16033,0,-0.6602167,0,0.7510752,-0.2113782,0,0,0.9774044
49.04171,130.9411,-19.06803,0,-0.6605375,0,0.750793,-0.211545,0,0,0.9773683
49.05357,130.9411,-18.97572,0,-0.6608811,0,0.7504907,-0.2117182,0,0,0.9773307
49.0658,130.9411,-18.87978,0,-0.661213,0,0.7501982,-0.2119037,0,0,0.9772906
49.07774,130.9411,-18.78546,0,-0.6615385,0,0.7499112,-0.2120604,0,0,0.9772566
49.08935,130.9411,-18.69314,0,-0.6618354,0,0.7496492,-0.2122214,0,0,0.9772216
49.10088,130.9411,-18.60079,0,-0.6621363,0,0.7493834,-0.2123605,0,0,0.9771914
49.11234,130.9411,-18.50843,0,-0.6624406,0,0.7491145,-0.2125097,0,0,0.977159
49.12373,130.9411,-18.41606,0,-0.6627478,0,0.7488427,-0.2126676,0,0,0.9771246
49.13504,130.9411,-18.32368,0,-0.6630793,0,0.7485492,-0.2128621,0,0,0.9770823
49.14627,130.9411,-18.2313,0,-0.66341,0,0.7482561,-0.2130591,0,0,0.9770393
49.15758,130.9411,-18.13758,0,-0.6637447,0,0.7479592,-0.2132317,0,0,0.9770017
49.16885,130.9411,-18.04339,0,-0.6640798,0,0.7476617,-0.2134108,0,0,0.9769626
49.17984,130.9411,-17.95096,0,-0.6644074,0,0.7473707,-0.2135911,0,0,0.9769232
49.19116,130.9411,-17.85493,0,-0.6647473,0,0.7470683,-0.2137831,0,0,0.9768812
49.20198,130.9411,-17.76249,0,-0.6650507,0,0.7467982,-0.2139708,0,0,0.9768401
49.21272,130.9411,-17.67005,0,-0.6653571,0,0.7465252,-0.2141619,0,0,0.9767982
49.22342,130.9411,-17.57734,0,-0.6656449,0,0.7462686,-0.2143275,0,0,0.9767619
49.234,130.9411,-17.48495,0,-0.6659368,0,0.7460082,-0.2144989,0,0,0.9767243
49.2449,130.9411,-17.38913,0,-0.6662215,0,0.745754,-0.2146525,0,0,0.9766905
49.25535,130.9411,-17.2967,0,-0.6664797,0,0.7455232,-0.2148088,0,0,0.9766561
49.26574,130.9411,-17.20423,0,-0.666747,0,0.7452841,-0.2149438,0,0,0.9766264
49.2762,130.9411,-17.1105,0,-0.6670036,0,0.7450545,-0.2150915,0,0,0.9765939
49.28665,130.9411,-17.01622,0,-0.6672489,0,0.7448349,-0.2152195,0,0,0.9765657
49.29684,130.9411,-16.92371,0,-0.6675,0,0.7446098,-0.2153566,0,0,0.9765355
49.30738,130.9411,-16.82751,0,-0.6677489,0,0.7443866,-0.2154799,0,0,0.9765083
49.31765,130.9411,-16.73323,0,-0.668003,0,0.7441587,-0.2156131,0,0,0.9764789
49.32765,130.9411,-16.64076,0,-0.6682615,0,0.7439265,-0.2157546,0,0,0.9764476
49.33759,130.9411,-16.54823,0,-0.6685289,0,0.7436861,-0.2159059,0,0,0.9764142
49.34747,130.9411,-16.45568,0,-0.6688039,0,0.7434389,-0.2160366,0,0,0.9763853
49.35728,130.9411,-16.36313,0,-0.6690853,0,0.7431856,-0.2161786,0,0,0.9763539
49.36702,130.9411,-16.27059,0,-0.6693723,0,0.7429271,-0.2163011,0,0,0.9763267
49.37669,130.9411,-16.17802,0,-0.6696426,0,0.7426835,-0.2164361,0,0,0.9762968
49.38629,130.9411,-16.08545,0,-0.6698984,0,0.7424528,-0.2165816,0,0,0.9762645
49.39582,130.9411,-15.99287,0,-0.6701632,0,0.7422138,-0.2167073,0,0,0.9762366
49.4053,130.9411,-15.90029,0,-0.6704358,0,0.7419676,-0.2168449,0,0,0.9762061
49.4147,130.9411,-15.8077,0,-0.6707151,0,0.7417151,-0.2169928,0,0,0.9761732
49.42431,130.9411,-15.71229,0,-0.6710089,0,0.7414494,-0.2171842,0,0,0.9761307
49.43375,130.9411,-15.61794,0,-0.6713033,0,0.7411827,-0.2173764,0,0,0.9760879
49.44294,130.9411,-15.52533,0,-0.6715961,0,0.7409175,-0.2175679,0,0,0.9760452
49.45206,130.9411,-15.43253,0,-0.6718934,0,0.7406479,-0.2177627,0,0,0.9760017
49.4611,130.9411,-15.33991,0,-0.672172,0,0.7403951,-0.2179596,0,0,0.9759578
49.47007,130.9411,-15.24728,0,-0.6724348,0,0.7401564,-0.2181587,0,0,0.9759133
49.47897,130.9411,-15.15464,0,-0.6726841,0,0.7399298,-0.2183597,0,0,0.9758684
49.488,130.9411,-15.06011,0,-0.6729264,0,0.7397094,-0.2185368,0,0,0.9758288
49.49697,130.9411,-14.96544,0,-0.673158,0,0.7394987,-0.2187191,0,0,0.9757879
49.50582,130.9411,-14.87135,0,-0.6733785,0,0.7392979,-0.2189045,0,0,0.9757463
49.51465,130.9411,-14.77698,0,-0.6735917,0,0.7391037,-0.2190943,0,0,0.9757037
49.52326,130.9411,-14.68431,0,-0.673794,0,0.7389193,-0.2192838,0,0,0.9756611
49.53183,130.9411,-14.59164,0,-0.6739908,0,0.7387398,-0.2194475,0,0,0.9756243
49.54034,130.9411,-14.49889,0,-0.6741829,0,0.7385644,-0.219618,0,0,0.9755859
49.54881,130.9411,-14.40622,0,-0.6743492,0,0.7384126,-0.2197652,0,0,0.9755528
49.55723,130.9411,-14.31353,0,-0.6745148,0,0.7382613,-0.2198923,0,0,0.9755242
49.56561,130.9411,-14.22085,0,-0.6746583,0,0.7381302,-0.2200311,0,0,0.9754929
49.57396,130.9411,-14.12816,0,-0.6748041,0,0.7379969,-0.2201509,0,0,0.9754658
49.58227,130.9411,-14.03546,0,-0.674952,0,0.7378618,-0.2202835,0,0,0.9754359
49.59054,130.9411,-13.94276,0,-0.6751015,0,0.7377249,-0.2204269,0,0,0.9754035
49.59893,130.9411,-13.84834,0,-0.6752553,0,0.7375841,-0.2205532,0,0,0.975375
49.60728,130.9411,-13.75389,0,-0.6754102,0,0.7374424,-0.2206914,0,0,0.9753437
49.61561,130.9411,-13.65919,0,-0.6755442,0,0.7373195,-0.2208108,0,0,0.9753167
49.62389,130.9411,-13.56472,0,-0.6756816,0,0.7371936,-0.2209429,0,0,0.9752868
49.63213,130.9411,-13.47026,0,-0.6758003,0,0.7370848,-0.2210566,0,0,0.975261
49.64034,130.9411,-13.3757,0,-0.6759248,0,0.7369706,-0.2211546,0,0,0.9752388
49.64857,130.9411,-13.28064,0,-0.6760549,0,0.7368513,-0.2212691,0,0,0.9752128
49.65673,130.9411,-13.18605,0,-0.6761885,0,0.7367287,-0.2213672,0,0,0.9751905
49.66484,130.9411,-13.09153,0,-0.6763039,0,0.7366228,-0.2214811,0,0,0.9751647
49.67278,130.9411,-12.99881,0,-0.6764231,0,0.7365134,-0.2215773,0,0,0.9751428
49.68753,130.9411,-12.89497,0,-0.6765633,0,0.7363845,-0.2217035,0,0,0.9751142
49.70526,130.9411,-12.80306,0,-0.6766694,0,0.7362871,-0.2217984,0,0,0.9750926
49.72759,130.9411,-12.71154,0,-0.6767612,0,0.7362027,-0.2218804,0,0,0.9750739
49.75454,130.9411,-12.62042,0,-0.6768622,0,0.7361098,-0.2219512,0,0,0.9750578
49.77682,130.9411,-12.52889,0,-0.6769497,0,0.7360293,-0.2220124,0,0,0.9750439
49.79491,130.9411,-12.4336,0,-0.6770505,0,0.7359366,-0.2220671,0,0,0.9750314
49.8077,130.9411,-12.34129,0,-0.6771557,0,0.7358398,-0.2221415,0,0,0.9750145
49.81583,130.9411,-12.24857,0,-0.6772468,0,0.7357559,-0.2222057,0,0,0.9749998
49.82354,130.9411,-12.15569,0,-0.6773474,0,0.7356634,-0.2222613,0,0,0.9749872
49.83136,130.9411,-12.06109,0,-0.6774579,0,0.7355615,-0.2223397,0,0,0.9749693
49.83915,130.9411,-11.96656,0,-0.6775533,0,0.7354737,-0.2224071,0,0,0.9749539
49.84676,130.9411,-11.87383,0,-0.6776556,0,0.7353795,-0.2224641,0,0,0.9749409
49.85465,130.9411,-11.77749,0,-0.6777698,0,0.7352741,-0.2225152,0,0,0.9749292
49.86221,130.9411,-11.68472,0,-0.6778646,0,0.7351868,-0.2225575,0,0,0.9749196
49.86975,130.9411,-11.59197,0,-0.6779681,0,0.7350913,-0.222594,0,0,0.9749113
49.87729,130.9411,-11.49889,0,-0.6780796,0,0.7349885,-0.2226547,0,0,0.9748974
49.88488,130.9411,-11.40472,0,-0.678199,0,0.7348784,-0.2227077,0,0,0.9748853
49.89248,130.9411,-11.3102,0,-0.6783243,0,0.7347627,-0.2227832,0,0,0.9748681
49.8999,130.9411,-11.21743,0,-0.678452,0,0.7346448,-0.2228469,0,0,0.9748535
49.90759,130.9411,-11.12093,0,-0.6785893,0,0.7345179,-0.2229343,0,0,0.9748335
49.91509,130.9411,-11.02626,0,-0.678727,0,0.7343906,-0.2230375,0,0,0.9748099
49.92255,130.9411,-10.93173,0,-0.6788895,0,0.7342405,-0.2231262,0,0,0.9747896
49.92998,130.9411,-10.83705,0,-0.6790518,0,0.7340904,-0.2232027,0,0,0.9747721
49.93722,130.9411,-10.74426,0,-0.6792105,0,0.7339435,-0.2232672,0,0,0.9747573
49.94442,130.9411,-10.65148,0,-0.6793694,0,0.7337965,-0.2233519,0,0,0.9747379
49.95158,130.9411,-10.55869,0,-0.6795284,0,0.7336493,-0.2234541,0,0,0.9747145
49.95869,130.9411,-10.46589,0,-0.6797088,0,0.7334821,-0.2235713,0,0,0.9746876
49.96577,130.9411,-10.3731,0,-0.6798865,0,0.7333174,-0.2237016,0,0,0.9746577
49.97279,130.9411,-10.28029,0,-0.6800832,0,0.733135,-0.2238141,0,0,0.9746319
49.97989,130.9411,-10.18587,0,-0.6802782,0,0.732954,-0.2239424,0,0,0.9746024
49.98682,130.9411,-10.09306,0,-0.6804651,0,0.7327805,-0.22408,0,0,0.9745708
49.9937,130.9411,-10.00024,0,-0.6806698,0,0.7325904,-0.2242279,0,0,0.9745367
50.00053,130.9411,-9.907434,0,-0.6808684,0,0.7324058,-0.2243846,0,0,0.9745007
50.00743,130.9411,-9.812943,0,-0.6810652,0,0.7322227,-0.2245519,0,0,0.9744622
50.01429,130.9411,-9.718276,0,-0.6812356,0,0.7320642,-0.2247258,0,0,0.9744221
50.02098,130.9411,-9.625462,0,-0.6814225,0,0.7318903,-0.2249305,0,0,0.9743748
50.02762,130.9411,-9.532631,0,-0.6816058,0,0.7317196,-0.2251364,0,0,0.9743273
50.03421,130.9411,-9.439802,0,-0.6817858,0,0.7315518,-0.2253432,0,0,0.9742795
50.04087,130.9411,-9.345366,0,-0.6819662,0,0.7313837,-0.2255543,0,0,0.9742306
50.0475,130.9411,-9.250654,0,-0.6821442,0,0.7312177,-0.2257662,0,0,0.9741815
50.05396,130.9411,-9.157813,0,-0.6823162,0,0.7310572,-0.2259741,0,0,0.9741334
50.06062,130.9411,-9.061232,0,-0.6824933,0,0.7308918,-0.2261607,0,0,0.97409
50.0671,130.9411,-8.966702,0,-0.6826859,0,0.7307119,-0.226347,0,0,0.9740467
50.07355,130.9411,-8.872011,0,-0.6828743,0,0.7305359,-0.2265373,0,0,0.9740025
50.07981,130.9411,-8.779154,0,-0.6830551,0,0.7303669,-0.2267269,0,0,0.9739584
50.08604,130.9411,-8.686301,0,-0.6832542,0,0.7301806,-0.2269196,0,0,0.9739135
50.09221,130.9411,-8.593438,0,-0.6834692,0,0.7299794,-0.227144,0,0,0.9738612
50.09845,130.9411,-8.498757,0,-0.6836808,0,0.7297813,-0.2273712,0,0,0.9738082
50.10464,130.9411,-8.404009,0,-0.683907,0,0.7295693,-0.2275964,0,0,0.9737556
50.11076,130.9411,-8.309383,0,-0.6841237,0,0.729366,-0.2278196,0,0,0.9737034
50.12172,130.9411,-8.214594,0,-0.6843553,0,0.7291487,-0.2280423,0,0,0.9736512
50.13735,130.9411,-8.120761,0,-0.684597,0,0.7289218,-0.2282916,0,0,0.9735928
50.15773,130.9411,-8.027168,0,-0.6848275,0,0.7287052,-0.2285359,0,0,0.9735355
50.18235,130.9411,-7.935446,0,-0.6850657,0,0.7284814,-0.2287717,0,0,0.9734801
50.21156,130.9411,-7.844001,0,-0.6852932,0,0.7282673,-0.2289753,0,0,0.9734322
50.24535,130.9411,-7.752821,0,-0.6855116,0,0.7280618,-0.22918,0,0,0.9733841
50.28453,130.9411,-7.660231,0,-0.6857258,0,0.72786,-0.2293896,0,0,0.9733347
50.32759,130.9411,-7.569567,0,-0.6859287,0,0.7276688,-0.2295958,0,0,0.973286
50.37732,130.9411,-7.475598,0,-0.6861554,0,0.727455,-0.229811,0,0,0.9732353
50.43088,130.9411,-7.383654,0,-0.6863686,0,0.7272539,-0.2300513,0,0,0.9731786
50.48799,130.9411,-7.293738,0,-0.6865914,0,0.7270435,-0.2302831,0,0,0.9731237
50.54969,130.9411,-7.204053,0,-0.6868057,0,0.7268412,-0.2305122,0,0,0.9730694
50.61601,130.9411,-7.11457,0,-0.6870124,0,0.7266456,-0.2307391,0,0,0.9730157
50.68841,130.9411,-7.02356,0,-0.6872167,0,0.7264525,-0.2309389,0,0,0.9729683
50.76561,130.9411,-6.932767,0,-0.6874146,0,0.7262652,-0.2311404,0,0,0.9729204
50.84748,130.9411,-6.8423,0,-0.6875855,0,0.7261034,-0.2313136,0,0,0.9728793
50.93427,130.9411,-6.751942,0,-0.6877332,0,0.7259635,-0.2314925,0,0,0.9728367
51.02567,130.9411,-6.661972,0,-0.6878822,0,0.7258224,-0.2316757,0,0,0.9727931
51.12004,130.9411,-6.573837,0,-0.6880085,0,0.7257026,-0.2318306,0,0,0.9727561
51.21794,130.9411,-6.485856,0,-0.6881392,0,0.7255788,-0.2319933,0,0,0.9727174
51.3158,130.9411,-6.397851,0,-0.6882523,0,0.7254714,-0.2321338,0,0,0.9726838
51.41363,130.9411,-6.309811,0,-0.6883504,0,0.7253784,-0.2322551,0,0,0.9726549
51.51144,130.9411,-6.221741,0,-0.6884564,0,0.7252777,-0.2323598,0,0,0.9726299
51.60923,130.9411,-6.133647,0,-0.6885483,0,0.7251905,-0.2324502,0,0,0.9726083
51.70395,130.9411,-6.043671,0,-0.6886294,0,0.7251135,-0.2325592,0,0,0.9725822
51.79395,130.9411,-5.953311,0,-0.6887211,0,0.7250264,-0.2326532,0,0,0.9725598
51.87756,130.9411,-5.86441,0,-0.6888199,0,0.7249326,-0.2327615,0,0,0.9725338
51.95648,130.9411,-5.775266,0,-0.6889055,0,0.7248512,-0.232855,0,0,0.9725115
52.03095,130.9411,-5.685596,0,-0.6889799,0,0.7247805,-0.2329651,0,0,0.9724851
52.10158,130.9411,-5.594487,0,-0.6890666,0,0.7246981,-0.2330613,0,0,0.9724621
52.16642,130.9411,-5.504572,0,-0.6891404,0,0.7246279,-0.2331429,0,0,0.9724425
52.22869,130.9411,-5.410983,0,-0.6892068,0,0.7245648,-0.2332159,0,0,0.972425
52.285,130.9411,-5.318827,0,-0.6892629,0,0.7245114,-0.2332775,0,0,0.9724103
52.33648,130.9411,-5.226394,0,-0.6893329,0,0.7244448,-0.2333305,0,0,0.9723975
52.38231,130.9411,-5.135492,0,-0.6893922,0,0.7243883,-0.2333753,0,0,0.9723867
52.42347,130.9411,-5.04435,0,-0.6894436,0,0.7243394,-0.2334139,0,0,0.9723775
52.46007,130.9411,-4.952708,0,-0.6894883,0,0.7242969,-0.2334474,0,0,0.9723695
52.49236,130.9411,-4.859552,0,-0.6895275,0,0.7242595,-0.2334767,0,0,0.9723624
52.51945,130.9411,-4.767704,0,-0.6895609,0,0.7242278,-0.2335015,0,0,0.9723565
52.54189,130.9411,-4.675631,0,-0.6895898,0,0.7242002,-0.2335229,0,0,0.9723513
52.55968,130.9411,-4.583241,0,-0.6896359,0,0.7241563,-0.2335414,0,0,0.9723469
52.5728,130.9411,-4.490707,0,-0.6896759,0,0.7241182,-0.2335573,0,0,0.972343
52.58141,130.9411,-4.394198,0,-0.6897339,0,0.724063,-0.2335717,0,0,0.9723396
52.58593,130.9411,-4.301248,0,-0.6897818,0,0.7240174,-0.2335835,0,0,0.9723368
52.5956,130.9411,-4.205074,0,-0.6898468,0,0.7239555,-0.2336241,0,0,0.972327
52.60955,130.9411,-4.112638,0,-0.6899217,0,0.723884,-0.2336577,0,0,0.9723189
52.62813,130.9411,-4.020357,0,-0.6900078,0,0.723802,-0.2336868,0,0,0.9723119
52.65134,130.9411,-3.928288,0,-0.6901035,0,0.7237108,-0.2337119,0,0,0.9723059
52.67014,130.9411,-3.834198,0,-0.6902308,0,0.7235892,-0.2337339,0,0,0.9723006
52.68391,130.9411,-3.741617,0,-0.69036,0,0.7234661,-0.2337526,0,0,0.9722961
52.693,130.9411,-3.648872,0,-0.6905138,0,0.7233192,-0.2337976,0,0,0.9722853
52.69739,130.9411,-3.555652,0,-0.6906897,0,0.7231512,-0.2338367,0,0,0.9722759
52.70173,130.9411,-3.4613,0,-0.6908866,0,0.7229632,-0.2339002,0,0,0.9722607
52.70594,130.9411,-3.368344,0,-0.6910963,0,0.7227627,-0.233954,0,0,0.9722477
52.71011,130.9411,-3.275369,0,-0.6913411,0,0.7225286,-0.2340006,0,0,0.9722365
52.71423,130.9411,-3.182035,0,-0.6915962,0,0.7222844,-0.23407,0,0,0.9722198
52.71833,130.9411,-3.087591,0,-0.6918623,0,0.7220294,-0.2341306,0,0,0.9722052
52.7223,130.9411,-2.994705,0,-0.6921305,0,0.7217724,-0.2341819,0,0,0.9721928
52.7262,130.9411,-2.90172,0,-0.6924052,0,0.721509,-0.2342553,0,0,0.9721752
52.73003,130.9411,-2.808733,0,-0.692664,0,0.7212604,-0.2343186,0,0,0.9721599
52.73386,130.9411,-2.713955,0,-0.6929353,0,0.7209997,-0.2344038,0,0,0.9721393
52.73756,130.9411,-2.620945,0,-0.6932073,0,0.7207382,-0.2344759,0,0,0.972122
52.74133,130.9411,-2.52413,0,-0.6934744,0,0.7204813,-0.2345708,0,0,0.9720991
52.74495,130.9411,-2.42929,0,-0.6937423,0,0.7202233,-0.2346505,0,0,0.9720798
52.74844,130.9411,-2.336292,0,-0.6940112,0,0.7199643,-0.2347468,0,0,0.9720566
52.75185,130.9411,-2.243288,0,-0.694265,0,0.7197195,-0.2348299,0,0,0.9720365
52.7552,130.9411,-2.15028,0,-0.6945268,0,0.7194669,-0.2349306,0,0,0.9720122
52.75848,130.9411,-2.057256,0,-0.6947746,0,0.7192276,-0.2350176,0,0,0.9719912
52.7617,130.9411,-1.964251,0,-0.695031,0,0.7189798,-0.2351217,0,0,0.971966
52.7695,130.9411,-1.871397,0,-0.6953159,0,0.7187043,-0.2352405,0,0,0.9719372
52.78217,130.9411,-1.777136,0,-0.6955881,0,0.7184408,-0.2353448,0,0,0.971912
52.7998,130.9411,-1.682054,0,-0.6958687,0,0.718169,-0.2354355,0,0,0.97189
52.822,130.9411,-1.588037,0,-0.696151,0,0.7178954,-0.2355422,0,0,0.9718642
52.84901,130.9411,-1.493951,0,-0.6964166,0,0.7176378,-0.2356343,0,0,0.9718418
52.88008,130.9411,-1.401775,0,-0.6966625,0,0.717399,-0.235741,0,0,0.9718159
52.91575,130.9411,-1.309708,0,-0.6969174,0,0.7171515,-0.2358332,0,0,0.9717936
52.95604,130.9411,-1.217671,0,-0.6971592,0,0.7169164,-0.2359128,0,0,0.9717743
53.00198,130.9411,-1.123804,0,-0.6974158,0,0.7166668,-0.2359829,0,0,0.9717572
53.05265,130.9411,-1.030136,0,-0.6976796,0,0.71641,-0.2360432,0,0,0.9717426
53.10795,130.9411,-0.9367788,0,-0.6979705,0,0.7161265,-0.2361244,0,0,0.9717228
53.16786,130.9411,-0.843709,0,-0.6982424,0,0.7158614,-0.2361942,0,0,0.9717059
53.22321,130.9411,-0.7498996,0,-0.6985002,0,0.7156099,-0.2362547,0,0,0.9716912
53.27262,130.9411,-0.6579975,0,-0.6987386,0,0.7153771,-0.2363346,0,0,0.9716718
53.31731,130.9411,-0.5659587,0,-0.698966,0,0.7151549,-0.2364035,0,0,0.971655
53.35729,130.9411,-0.4737892,0,-0.6991631,0,0.7149623,-0.2364631,0,0,0.9716405
53.39312,130.9411,-0.3798401,0,-0.6993791,0,0.7147509,-0.2365154,0,0,0.9716278
53.42413,130.9411,-0.2855287,0,-0.6995875,0,0.714547,-0.2365605,0,0,0.9716168
53.45022,130.9411,-0.1912448,0,-0.6997884,0,0.7143502,-0.2366288,0,0,0.9716002
53.47141,130.9411,-0.09686947,0,-0.6999831,0,0.7141595,-0.2366876,0,0,0.9715859
53.48781,130.9411,-0.00176686,0,-0.7001736,0,0.7139726,-0.2367385,0,0,0.9715734
53.4992,130.9411,0.09256182,0,-0.7003788,0,0.7137714,-0.2367819,0,0,0.9715629
53.50571,130.9411,0.1854244,0,-0.7005947,0,0.7135595,-0.2368475,0,0,0.9715468
53.50751,130.9411,0.2784762,0,-0.7008027,0,0.7133552,-0.2369333,0,0,0.971526
53.50917,130.9411,0.3715508,0,-0.7010244,0,0.7131373,-0.2370073,0,0,0.9715079
53.51079,130.9411,0.4663001,0,-0.7012623,0,0.7129034,-0.2370724,0,0,0.971492
53.51236,130.9411,0.5613148,0,-0.7015106,0,0.712659,-0.2371581,0,0,0.9714711
53.51382,130.9411,0.6543668,0,-0.7017829,0,0.712391,-0.2372304,0,0,0.9714534
53.51522,130.9411,0.747427,0,-0.7020395,0,0.7121381,-0.2373218,0,0,0.9714311
53.51655,130.9411,0.8404768,0,-0.7023239,0,0.7118576,-0.2374296,0,0,0.9714047
53.51782,130.9411,0.9351898,0,-0.7025957,0,0.7115893,-0.2375244,0,0,0.9713816
53.51901,130.9411,1.028199,0,-0.7028677,0,0.7113206,-0.2376335,0,0,0.971355
53.52012,130.9411,1.121258,0,-0.7031449,0,0.7110466,-0.2377277,0,0,0.9713318
53.52116,130.9411,1.214498,0,-0.7034269,0,0.7107676,-0.2378382,0,0,0.9713048
53.52214,130.9411,1.309199,0,-0.7037171,0,0.7104804,-0.2379351,0,0,0.9712811
53.52303,130.9411,1.402265,0,-0.7040047,0,0.7101953,-0.238046,0,0,0.9712539
53.52385,130.9411,1.495321,0,-0.7042745,0,0.7099277,-0.2381417,0,0,0.9712304
53.52459,130.9411,1.588421,0,-0.7045497,0,0.7096546,-0.2382534,0,0,0.971203
53.52528,130.9411,1.683218,0,-0.7048345,0,0.7093717,-0.2383811,0,0,0.9711717
53.52589,130.9411,1.778488,0,-0.705124,0,0.709084,-0.2385212,0,0,0.9711373
53.52641,130.9411,1.87153,0,-0.7054093,0,0.7088003,-0.2386678,0,0,0.9711013
53.52687,130.9411,1.967794,0,-0.7057076,0,0.7085032,-0.2388288,0,0,0.9710617
53.53209,130.9411,2.062698,0,-0.7060031,0,0.7082087,-0.2390242,0,0,0.9710137
53.54206,130.9411,2.157545,0,-0.7063003,0,0.7079124,-0.2392218,0,0,0.970965
53.55677,130.9411,2.252336,0,-0.7065777,0,0.7076355,-0.2394212,0,0,0.9709158
53.57629,130.9411,2.347276,0,-0.7068597,0,0.7073538,-0.2396227,0,0,0.9708661
53.59998,130.9411,2.44032,0,-0.7071395,0,0.707074,-0.2397926,0,0,0.9708241
53.62826,130.9411,2.533391,0,-0.7074025,0,0.706811,-0.2399972,0,0,0.9707736
53.65181,130.9411,2.626472,0,-0.7076715,0,0.7065417,-0.2402028,0,0,0.9707227
53.67065,130.9411,2.719573,0,-0.707925,0,0.7062876,-0.2404093,0,0,0.9706717
53.68477,130.9411,2.812788,0,-0.7081655,0,0.7060465,-0.2405877,0,0,0.9706274
53.69424,130.9411,2.90747,0,-0.708419,0,0.7057922,-0.2407735,0,0,0.9705814
53.69882,130.9411,3.002245,0,-0.708659,0,0.7055511,-0.2409632,0,0,0.9705343
53.69861,130.9411,3.095306,0,-0.7089038,0,0.7053053,-0.2411525,0,0,0.9704872
53.69814,130.9411,3.188375,0,-0.7091569,0,0.7050508,-0.2413738,0,0,0.9704322
53.6976,130.9411,3.281436,0,-0.7093966,0,0.7048096,-0.2415939,0,0,0.9703774
53.69699,130.9411,3.374502,0,-0.7096248,0,0.7045798,-0.2418128,0,0,0.970323
53.69633,130.9411,3.467566,0,-0.7098635,0,0.7043393,-0.2420597,0,0,0.9702614
53.6956,130.9411,3.560682,0,-0.7100909,0,0.70411,-0.2423019,0,0,0.9702009
53.6948,130.9411,3.655819,0,-0.7103342,0,0.7038647,-0.2425747,0,0,0.9701328
53.69393,130.9411,3.750294,0,-0.7105634,0,0.7036332,-0.2428371,0,0,0.9700671
53.69302,130.9411,3.843355,0,-0.7107996,0,0.7033947,-0.2431176,0,0,0.9699968
53.69201,130.9411,3.940148,0,-0.7110549,0,0.7031366,-0.2434297,0,0,0.9699185
53.69094,130.9411,4.035003,0,-0.7112912,0,0.7028975,-0.2437511,0,0,0.9698378
53.68984,130.9411,4.128069,0,-0.7115324,0,0.7026534,-0.2440514,0,0,0.9697623
53.68867,130.9411,4.221121,0,-0.7117617,0,0.7024211,-0.2443685,0,0,0.9696825
53.68744,130.9411,4.314183,0,-0.7119808,0,0.702199,-0.2446711,0,0,0.9696062
53.68615,130.9411,4.407238,0,-0.712191,0,0.7019857,-0.2449613,0,0,0.9695329
53.68481,130.9411,4.500299,0,-0.7123937,0,0.7017801,-0.2452696,0,0,0.9694549
53.68341,130.9411,4.593356,0,-0.7125897,0,0.7015811,-0.2455647,0,0,0.9693802
53.68194,130.9411,4.687943,0,-0.712783,0,0.7013847,-0.245853,0,0,0.9693071
53.68041,130.9411,4.783082,0,-0.7129927,0,0.7011715,-0.2461618,0,0,0.9692287
53.67883,130.9411,4.877719,0,-0.7131936,0,0.7009671,-0.2464849,0,0,0.9691466
53.67722,130.9411,4.970768,0,-0.7133847,0,0.7007727,-0.2468163,0,0,0.9690623
53.67556,130.9411,5.063824,0,-0.713591,0,0.7005626,-0.2471313,0,0,0.968982
53.67384,130.9411,5.157036,0,-0.7137905,0,0.7003593,-0.2474616,0,0,0.9688978
53.67204,130.9411,5.251776,0,-0.7139869,0,0.7001591,-0.2477807,0,0,0.9688162
53.67022,130.9411,5.344729,0,-0.7141737,0,0.6999686,-0.2481079,0,0,0.9687324
53.66835,130.9411,5.437777,0,-0.7143357,0,0.6998032,-0.2484487,0,0,0.9686451
53.66644,130.9411,5.530826,0,-0.7144965,0,0.6996391,-0.2487716,0,0,0.9685622
53.66448,130.9411,5.623865,0,-0.7146561,0,0.699476,-0.2491082,0,0,0.9684757
53.66249,130.9411,5.716916,0,-0.7148148,0,0.6993138,-0.2494567,0,0,0.968386
53.6651,130.9411,5.810063,0,-0.7149726,0,0.6991525,-0.2498153,0,0,0.9682935
53.67232,130.9411,5.903314,0,-0.7151093,0,0.6990127,-0.2501537,0,0,0.9682062
53.6848,130.9411,6.000239,0,-0.7152535,0,0.6988652,-0.2505168,0,0,0.9681123
53.70142,130.9411,6.093713,0,-0.7153933,0,0.698722,-0.2508748,0,0,0.9680195
53.71336,130.9411,6.187086,0,-0.7155145,0,0.6985978,-0.2512417,0,0,0.9679244
53.72062,130.9411,6.280351,0,-0.7156399,0,0.6984695,-0.2516162,0,0,0.9678271
53.72314,130.9411,6.375325,0,-0.7157507,0,0.698356,-0.2520047,0,0,0.9677261
53.72082,130.9411,6.470042,0,-0.7158876,0,0.6982157,-0.2524268,0,0,0.967616
53.71844,130.9411,6.564983,0,-0.7160268,0,0.6980728,-0.2528499,0,0,0.9675055

